List of cycle segments
Segment	1	7	107300627	107386407
Segment	2	7	107300627	107388083
Segment	3	7	107300627	107410669
Segment	4	7	107407403	107432359
Segment	5	7	107407403	107531354
Segment	6	7	107408494	107410669
Segment	7	7	107408494	107429370
Segment	8	7	107410602	107410669
Segment	9	7	107410619	107410669
Segment	10	7	107410626	107410669
Segment	11	7	107410627	107429370
Segment	12	7	107410627	107432359
Segment	13	7	107410628	107410669
Segment	14	7	107410629	107410652
Segment	15	7	107410629	107410669
Segment	16	7	107410630	107410669
Segment	17	7	107457075	107457894
Segment	18	7	107457075	107502390
Segment	19	7	107457282	107457891
Segment	20	7	107457282	107501242
Segment	21	7	107508121	107521554
Segment	22	7	107510105	107531354
Segment	23	7	107510596	107531354
Segment	24	7	107511155	107519432
Segment	25	7	107521555	107531354
Segment	26	11	31821781	31853684
Segment	27	11	31821781	31854116
Segment	28	11	31821781	31854441
Segment	29	11	31821781	31855856
Segment	30	11	31821781	31861686
Segment	31	11	31821781	31862310
Segment	32	11	31821781	31865812
Segment	33	11	31821781	31867851
Segment	34	11	31821781	31869599
Segment	35	11	31821781	32220606
Segment	36	11	31861236	31867851
Segment	37	11	31863926	31865812
Segment	38	11	31869933	31875088
Segment	39	11	31869933	31878194
Segment	40	11	31869933	31879215
Segment	41	11	31869933	31883198
Segment	42	11	31869933	31887190
Segment	43	11	31871029	31875218
Segment	44	11	31871029	31880527
Segment	45	11	31871029	31881922
Segment	46	11	31871029	31882603
Segment	47	11	31871029	31888064
Segment	48	11	31887024	31888864
Segment	49	11	31887890	31890745
Segment	50	11	31887890	31911100
Segment	51	11	31888480	31889571
Segment	52	11	31890084	31891768
Segment	53	11	31890084	31909421
Segment	54	11	31890487	31911100
Segment	55	11	31891411	31909421
Segment	56	11	31897349	31927341
Segment	57	11	31898273	31928119
Segment	58	11	31908987	31928119
Segment	59	11	31908987	31935577
Segment	60	11	31911640	31927341
Segment	61	11	31911640	31936894
Segment	62	11	31923027	31928119
Segment	63	11	31923971	31927341
Segment	64	11	31935163	31942952
Segment	65	11	31936922	31943411
Segment	66	11	31938289	31942952
Segment	67	11	31940466	31943411
Segment	68	11	31941473	31950062
Segment	69	11	31942348	31945032
Segment	70	11	31944602	31963130
Segment	71	11	31946240	31961895
Segment	72	11	31946687	31963130
Segment	73	11	31949509	31961895
Segment	74	11	31953277	31963431
Segment	75	11	31953277	31966067
Segment	76	11	31953904	31961895
Segment	77	11	31955783	31963130
Segment	78	11	31959016	31963130
Segment	79	11	31961039	31961895
Segment	80	11	31963706	31966102
Segment	81	11	31963706	31968144
Segment	82	11	31963706	31976714
Segment	83	11	31963706	31979190
Segment	84	11	31963706	31990733
Segment	85	11	31963706	32003568
Segment	86	11	31963706	32018781
Segment	87	11	31964844	31966741
Segment	88	11	31964844	31969268
Segment	89	11	31964844	31978993
Segment	90	11	31964844	31980360
Segment	91	11	31964844	31991223
Segment	92	11	31964844	32004325
Segment	93	11	31964844	32019876
Segment	94	11	31982352	31996738
Segment	95	11	31982352	32016346
Segment	96	11	31982936	31997483
Segment	97	11	31982936	32021573
Segment	98	11	31988700	32016346
Segment	99	11	31988700	32021573
Segment	100	11	31999955	32016346
Segment	101	11	32001140	32021573
Segment	102	11	32013978	32035718
Segment	103	11	32015350	32036000
Segment	104	11	32016574	32035627
Segment	105	11	32017032	32035627
Segment	106	11	32017782	32032258
Segment	107	11	32019823	32032258
Segment	108	11	32023812	32035627
Segment	109	11	32024757	32032258
Segment	110	11	32024917	32035627
Segment	111	11	32026300	32032258
Segment	112	11	32030608	32035627
Segment	113	11	32031697	32032258
Segment	114	11	32032066	32032258
Segment	115	11	32032740	32035627
Segment	116	11	32032928	32047504
Segment	117	11	32033561	32046550
Segment	118	11	32040439	32064364
Segment	119	11	32040457	32062750
Segment	120	11	32041102	32047504
Segment	121	11	32041957	32046550
Segment	122	11	32046303	32046550
Segment	123	11	32046904	32047504
Segment	124	11	32048106	32062750
Segment	125	11	32048312	32064364
Segment	126	11	32049367	32064364
Segment	127	11	32050001	32062750
Segment	128	11	32050073	32064364
Segment	129	11	32050923	32062750
Segment	130	11	32052285	32062750
Segment	131	11	32053287	32062750
Segment	132	11	32053400	32064364
Segment	133	11	32054497	32064364
Segment	134	11	32059522	32082052
Segment	135	11	32061350	32074201
Segment	136	11	32061813	32075300
Segment	137	11	32062330	32062750
Segment	138	11	32063705	32064364
Segment	139	11	32064163	32084569
Segment	140	11	32065905	32084569
Segment	141	11	32066718	32067261
Segment	142	11	32066783	32082052
Segment	143	11	32068187	32068677
Segment	144	11	32069732	32084569
Segment	145	11	32071144	32082052
Segment	146	11	32083504	32089634
Segment	147	11	32083504	32090278
Segment	148	11	32084869	32098960
Segment	149	11	32086321	32136936
Segment	150	11	32086527	32098385
Segment	151	11	32088019	32134534
Segment	152	11	32095630	32099833
Segment	153	11	32095630	32101613
Segment	154	11	32096498	32100904
Segment	155	11	32096498	32103839
Segment	156	11	32099891	32121467
Segment	157	11	32099891	32140925
Segment	158	11	32100707	32117513
Segment	159	11	32100707	32140615
Segment	160	11	32141140	32154993
Segment	161	11	32142204	32152528
Segment	162	11	32145391	32145659
Segment	163	11	32145391	32152528
Segment	164	11	32146050	32146598
Segment	165	11	32146050	32152528
Segment	166	11	32153034	32153474
Segment	167	11	32153034	32154993
Segment	168	11	32153394	32156291
Segment	169	11	32153394	32166585
Segment	170	11	32153394	32169037
Segment	171	11	32154859	32154884
Segment	172	11	32154859	32154993
Segment	173	11	32156038	32173480
Segment	174	11	32156593	32156943
Segment	175	11	32156593	32167625
Segment	176	11	32156593	32169842
Segment	177	11	32157633	32174530
Segment	178	11	32165880	32189231
Segment	179	11	32166997	32188201
Segment	180	11	32179691	32185771
Segment	181	11	32179879	32186990
Segment	182	11	32190524	32208069
Segment	183	11	32191602	32207512
Segment	184	11	32199311	32208245
Segment	185	11	32199311	32209254
Segment	186	11	32200434	32209254
Segment	187	11	32200545	32208245
Segment	188	11	32207936	32220606
Segment	189	11	32209022	32220606
Segment	190	11	32209065	32220606
Segment	191	11	32211148	32220606
Segment	192	11	32223429	32232629
Segment	193	11	32223429	32234147
Segment	194	11	32223429	32239650
Segment	195	11	32223429	32241170
Segment	196	11	32223429	32241944
Segment	197	11	32223429	33892383
Segment	198	11	32227410	32241944
Segment	199	11	32228327	32245413
Segment	200	11	32229564	32241944
Segment	201	11	32230465	32241944
Segment	202	11	32231444	32241170
Segment	203	11	32232363	32239650
Segment	204	11	32234833	32241170
Segment	205	11	32235067	32239650
Segment	206	11	32239728	32250122
Segment	207	11	32240276	32252233
Segment	208	11	32242507	32250122
Segment	209	11	32243429	32252233
Segment	210	11	32244191	32245413
Segment	211	11	32245240	32245413
Segment	212	11	32247017	32262810
Segment	213	11	32248470	32264226
Segment	214	11	32250616	32264750
Segment	215	11	32251480	32264750
Segment	216	11	32252579	32260854
Segment	217	11	32253823	32261942
Segment	218	11	32263937	32269508
Segment	219	11	32263937	32276134
Segment	220	11	32265153	32271736
Segment	221	11	32265153	32279207
Segment	222	11	32265871	32294866
Segment	223	11	32267065	32294194
Segment	224	11	32272860	32276768
Segment	225	11	32273708	32278173
Segment	226	11	32275463	32292503
Segment	227	11	32276081	32291364
Segment	228	11	32287825	32292503
Segment	229	11	32288694	32291364
Segment	230	11	32293093	32296092
Segment	231	11	32293093	32310686
Segment	232	11	32294737	32295427
Segment	233	11	32294737	32307582
Segment	234	11	32303348	32335686
Segment	235	11	32304208	32332597
Segment	236	11	32307430	32327339
Segment	237	11	32307665	32320331
Segment	238	11	32308940	32321106
Segment	239	11	32310107	32328402
Segment	240	11	32318399	32344935
Segment	241	11	32319604	32344935
Segment	242	11	32322328	32343267
Segment	243	11	32323883	32344247
Segment	244	11	32344237	32366386
Segment	245	11	32344237	32375200
Segment	246	11	32344237	32389261
Segment	247	11	32346333	32367423
Segment	248	11	32346333	32375921
Segment	249	11	32346333	32389261
Segment	250	11	32347502	32389261
Segment	251	11	32347502	32401668
Segment	252	11	32348587	32358806
Segment	253	11	32349003	32389261
Segment	254	11	32350238	32358806
Segment	255	11	32357218	32389261
Segment	256	11	32358469	32389261
Segment	257	11	32361677	32375382
Segment	258	11	32362499	32373203
Segment	259	11	32381193	32389261
Segment	260	11	32382208	32389261
Segment	261	11	32386979	32394931
Segment	262	11	32387900	32389261
Segment	263	11	32390658	32392456
Segment	264	11	32390658	32394931
Segment	265	11	32390658	32397374
Segment	266	11	32390658	32398444
Segment	267	11	32390658	32402637
Segment	268	11	32392348	32398444
Segment	269	11	32393161	32397374
Segment	270	11	32393740	32402637
Segment	271	11	32397346	32401668
Segment	272	11	32399185	32408370
Segment	273	11	32400031	32407467
Segment	274	11	32403447	32411354
Segment	275	11	32403447	32415344
Segment	276	11	32404753	32410458
Segment	277	11	32404753	32415344
Segment	278	11	32407647	32426371
Segment	279	11	32410333	32423763
Segment	280	11	32414669	32464666
Segment	281	11	32415096	32464051
Segment	282	11	32418938	32471447
Segment	283	11	32420681	32471181
Segment	284	11	32429582	32471447
Segment	285	11	32429582	32489135
Segment	286	11	32431536	32471181
Segment	287	11	32431536	32491999
Segment	288	11	32475531	32476044
Segment	289	11	32476338	32478216
Segment	290	11	32487611	32492383
Segment	291	11	32487721	32493395
Segment	292	11	32489158	32499763
Segment	293	11	32489158	32504624
Segment	294	11	32489980	32504580
Segment	295	11	32491161	32503535
Segment	296	11	32491415	32500877
Segment	297	11	32491415	32505903
Segment	298	11	32498835	32534775
Segment	299	11	32499855	32538783
Segment	300	11	32506598	32508787
Segment	301	11	32508592	32509341
Segment	302	11	32518326	32522328
Segment	303	11	32520256	32521194
Segment	304	11	32528403	32537980
Segment	305	11	32529331	32538272
Segment	306	11	32535729	32555334
Segment	307	11	32537111	32556435
Segment	308	11	32537354	32552478
Segment	309	11	32538749	32550750
Segment	310	11	32542479	32568479
Segment	311	11	32545585	32566903
Segment	312	11	32549254	32550750
Segment	313	11	32551664	32552478
Segment	314	11	32551886	32553911
Segment	315	11	32551886	32564660
Segment	316	11	32551886	32571788
Segment	317	11	32553935	32554680
Segment	318	11	32553935	32566337
Segment	319	11	32553935	32572363
Segment	320	11	32568764	32574386
Segment	321	11	32568764	32585740
Segment	322	11	32568764	32609739
Segment	323	11	32568764	32617211
Segment	324	11	32568764	32618633
Segment	325	11	32570277	32575599
Segment	326	11	32570277	32587774
Segment	327	11	32570277	32610833
Segment	328	11	32570277	32618165
Segment	329	11	32570277	32619348
Segment	330	11	32571725	32579811
Segment	331	11	32571725	32583554
Segment	332	11	32571725	32618165
Segment	333	11	32572417	32579811
Segment	334	11	32572417	32582438
Segment	335	11	32572417	32617211
Segment	336	11	32582281	32583701
Segment	337	11	32582281	32592743
Segment	338	11	32582281	32610833
Segment	339	11	32583218	32583701
Segment	340	11	32583218	32594566
Segment	341	11	32583218	32609739
Segment	342	11	32588853	32610833
Segment	343	11	32589411	32609739
Segment	344	11	32589598	32610833
Segment	345	11	32591489	32609739
Segment	346	11	32591536	32638978
Segment	347	11	32593809	32640110
Segment	348	11	32613995	32618165
Segment	349	11	32615737	32617211
Segment	350	11	32624576	32640436
Segment	351	11	32624576	32644848
Segment	352	11	32625846	32642727
Segment	353	11	32625846	32645696
Segment	354	11	32631780	32638978
Segment	355	11	32633596	32640110
Segment	356	11	32642428	32656563
Segment	357	11	32647122	32659105
Segment	358	11	32656132	32669091
Segment	359	11	32656132	32679540
Segment	360	11	32656132	32681564
Segment	361	11	32656132	32697732
Segment	362	11	32656132	32698428
Segment	363	11	32658477	32670008
Segment	364	11	32658477	32677759
Segment	365	11	32658477	32680428
Segment	366	11	32658477	32696229
Segment	367	11	32658477	32698491
Segment	368	11	32665659	32679540
Segment	369	11	32667107	32672094
Segment	370	11	32667818	32677759
Segment	371	11	32668361	32670670
Segment	372	11	32672190	32698428
Segment	373	11	32673927	32696229
Segment	374	11	32676285	32679540
Segment	375	11	32677115	32677759
Segment	376	11	32687909	32698428
Segment	377	11	32689684	32696229
Segment	378	11	32698018	32713149
Segment	379	11	32698018	32728073
Segment	380	11	32698018	32736077
Segment	381	11	32698965	32711278
Segment	382	11	32698965	32730504
Segment	383	11	32698965	32730600
Segment	384	11	32711110	32717254
Segment	385	11	32711110	32736077
Segment	386	11	32712937	32718329
Segment	387	11	32712937	32730600
Segment	388	11	32716573	32730600
Segment	389	11	32718113	32736077
Segment	390	11	32730690	32731966
Segment	391	11	32730690	32744641
Segment	392	11	32732813	32733302
Segment	393	11	32732813	32745036
Segment	394	11	32736513	32749766
Segment	395	11	32737209	32749140
Segment	396	11	32738360	32759222
Segment	397	11	32739516	32760824
Segment	398	11	32748657	32749140
Segment	399	11	32749518	32749766
Segment	400	11	32750556	32757335
Segment	401	11	32751980	32783993
Segment	402	11	32753369	32760450
Segment	403	11	32753471	32783553
Segment	404	11	32758474	32773341
Segment	405	11	32760025	32772122
Segment	406	11	32774731	32774799
Segment	407	11	32776004	32776771
Segment	408	11	32782620	32792431
Segment	409	11	32783642	32791484
Segment	410	11	32790254	32792431
Segment	411	11	32791443	32791484
Segment	412	11	32791457	32791484
Segment	413	11	32792019	32792431
Segment	414	11	32792190	32792639
Segment	415	11	32792190	32809855
Segment	416	11	32792190	32825451
Segment	417	11	32792190	32831699
Segment	418	11	32793971	32795988
Segment	419	11	32793971	32810951
Segment	420	11	32793971	32829904
Segment	421	11	32793971	32832577
Segment	422	11	32796138	32796474
Segment	423	11	32796138	32818510
Segment	424	11	32796138	32836897
Segment	425	11	32796138	32843003
Segment	426	11	32797390	32797568
Segment	427	11	32797390	32820717
Segment	428	11	32797390	32835095
Segment	429	11	32797390	32844495
Segment	430	11	32814593	32824850
Segment	431	11	32816590	32823187
Segment	432	11	32816663	32832577
Segment	433	11	32817044	32831699
Segment	434	11	32833920	32836897
Segment	435	11	32833920	32862488
Segment	436	11	32835050	32835095
Segment	437	11	32835050	32860924
Segment	438	11	32838582	32857162
Segment	439	11	32838582	32860968
Segment	440	11	32840254	32857768
Segment	441	11	32840254	32863871
Segment	442	11	32847159	32857768
Segment	443	11	32847771	32857162
Segment	444	11	32856937	32862488
Segment	445	11	32860172	32860924
Segment	446	11	32861924	32864696
Segment	447	11	32862296	32863974
Segment	448	11	32864262	32880430
Segment	449	11	32864739	32880430
Segment	450	11	32865447	32879478
Segment	451	11	32865631	32874190
Segment	452	11	32866217	32879478
Segment	453	11	32867078	32873029
Segment	454	11	32875868	32929488
Segment	455	11	32878698	32931492
Segment	456	11	32878700	32927688
Segment	457	11	32878700	32950835
Segment	458	11	32878700	32953158
Segment	459	11	32882850	32928224
Segment	460	11	32882850	32950835
Segment	461	11	32882850	32952843
Segment	462	11	32945848	32950835
Segment	463	11	32947051	32950835
Segment	464	11	32953216	32953471
Segment	465	11	32953216	32960357
Segment	466	11	32953216	32975369
Segment	467	11	32953216	32990221
Segment	468	11	32953216	32993382
Segment	469	11	32953216	33000595
Segment	470	11	32955075	32961276
Segment	471	11	32955075	32975961
Segment	472	11	32955075	32989158
Segment	473	11	32955075	32993382
Segment	474	11	32955075	32994249
Segment	475	11	32955075	32999696
Segment	476	11	32969122	33000595
Segment	477	11	32969676	33000595
Segment	478	11	32969762	32999696
Segment	479	11	32971299	32999696
Segment	480	11	32974555	32986780
Segment	481	11	32977898	32986195
Segment	482	11	32978936	32981328
Segment	483	11	32978936	32982967
Segment	484	11	32988849	33000595
Segment	485	11	32990214	32999696
Segment	486	11	32997970	33008058
Segment	487	11	32999708	33000595
Segment	488	11	32999708	33002076
Segment	489	11	32999845	33000595
Segment	490	11	32999845	33003209
Segment	491	11	33001259	33009374
Segment	492	11	33002403	33012988
Segment	493	11	33002425	33012175
Segment	494	11	33004405	33007515
Segment	495	11	33004405	33009634
Segment	496	11	33005128	33006650
Segment	497	11	33005128	33010240
Segment	498	11	33010255	33012988
Segment	499	11	33010873	33011170
Segment	500	11	33010873	33012175
Segment	501	11	33010873	33021944
Segment	502	11	33012367	33027145
Segment	503	11	33012438	33012988
Segment	504	11	33012438	33031812
Segment	505	11	33012438	33049897
Segment	506	11	33013242	33014437
Segment	507	11	33013242	33020459
Segment	508	11	33013242	33024451
Segment	509	11	33013242	33025445
Segment	510	11	33013242	33029856
Segment	511	11	33015695	33028445
Segment	512	11	33017706	33020459
Segment	513	11	33017706	33030900
Segment	514	11	33018152	33026700
Segment	515	11	33018152	33034222
Segment	516	11	33018152	33050974
Segment	517	11	33032197	33043705
Segment	518	11	33032564	33044515
Segment	519	11	33047849	33056848
Segment	520	11	33048783	33057208
Segment	521	11	33050812	33068562
Segment	522	11	33051734	33070171
Segment	523	11	33064778	33068562
Segment	524	11	33065760	33070171
Segment	525	11	33068351	33068562
Segment	526	11	33068351	33070171
Segment	527	11	33070971	33094724
Segment	528	11	33070971	33098958
Segment	529	11	33071768	33093679
Segment	530	11	33071768	33101221
Segment	531	11	33072739	33072900
Segment	532	11	33072739	33073989
Segment	533	11	33096047	33108534
Segment	534	11	33096047	33137509
Segment	535	11	33096677	33109415
Segment	536	11	33096677	33136857
Segment	537	11	33105252	33131620
Segment	538	11	33106180	33129346
Segment	539	11	33107657	33125600
Segment	540	11	33108923	33125596
Segment	541	11	33115905	33139229
Segment	542	11	33117376	33138230
Segment	543	11	33139907	33140890
Segment	544	11	33139907	33141798
Segment	545	11	33139907	33145786
Segment	546	11	33139907	33146663
Segment	547	11	33141027	33143037
Segment	548	11	33141027	33145073
Segment	549	11	33141027	33145786
Segment	550	11	33146047	33146663
Segment	551	11	33146047	33174089
Segment	552	11	33146047	33213684
Segment	553	11	33146719	33160426
Segment	554	11	33146719	33161475
Segment	555	11	33146719	33174089
Segment	556	11	33146719	33210985
Segment	557	11	33159438	33187697
Segment	558	11	33159438	33194015
Segment	559	11	33159438	33203306
Segment	560	11	33160878	33186747
Segment	561	11	33160878	33196082
Segment	562	11	33160878	33205490
Segment	563	11	33177354	33205490
Segment	564	11	33178062	33203306
Segment	565	11	33206434	33214887
Segment	566	11	33206656	33216787
Segment	567	11	33209827	33214002
Segment	568	11	33209843	33214891
Segment	569	11	33212000	33214887
Segment	570	11	33213925	33216787
Segment	571	11	33216071	33218372
Segment	572	11	33216071	33234521
Segment	573	11	33216071	33236552
Segment	574	11	33216071	33252728
Segment	575	11	33216071	33287480
Segment	576	11	33216071	33289197
Segment	577	11	33216071	33290063
Segment	578	11	33217167	33219664
Segment	579	11	33217167	33235663
Segment	580	11	33217167	33237103
Segment	581	11	33217167	33253270
Segment	582	11	33217167	33289307
Segment	583	11	33217167	33290156
Segment	584	11	33217167	33291149
Segment	585	11	33224763	33325516
Segment	586	11	33225752	33325516
Segment	587	11	33230818	33290063
Segment	588	11	33231891	33291149
Segment	589	11	33234421	33284885
Segment	590	11	33235854	33287416
Segment	591	11	33244287	33284885
Segment	592	11	33244287	33289197
Segment	593	11	33244994	33287416
Segment	594	11	33244994	33290156
Segment	595	11	33259560	33289197
Segment	596	11	33260194	33290156
Segment	597	11	33261183	33289307
Segment	598	11	33261824	33287480
Segment	599	11	33289135	33290156
Segment	600	11	33289189	33289197
Segment	601	11	33289773	33291692
Segment	602	11	33289773	33299600
Segment	603	11	33289773	33325516
Segment	604	11	33291362	33292295
Segment	605	11	33291362	33299031
Segment	606	11	33291362	33325516
Segment	607	11	33295058	33325516
Segment	608	11	33296412	33325516
Segment	609	11	33299308	33304007
Segment	610	11	33299308	33319755
Segment	611	11	33299308	33326272
Segment	612	11	33299357	33305146
Segment	613	11	33299357	33321494
Segment	614	11	33299357	33325516
Segment	615	11	33301217	33325516
Segment	616	11	33301217	33326272
Segment	617	11	33303662	33321494
Segment	618	11	33305009	33319755
Segment	619	11	33314310	33326272
Segment	620	11	33315675	33325516
Segment	621	11	33317192	33326272
Segment	622	11	33318501	33325516
Segment	623	11	33321570	33326272
Segment	624	11	33323061	33326272
Segment	625	11	33324044	33325516
Segment	626	11	33324115	33325516
Segment	627	11	33325804	33326272
Segment	628	11	33325804	33346268
Segment	629	11	33326751	33328242
Segment	630	11	33326751	33328445
Segment	631	11	33326751	33335999
Segment	632	11	33326751	33336787
Segment	633	11	33326751	33343115
Segment	634	11	33334082	33349066
Segment	635	11	33334082	33350997
Segment	636	11	33339741	33346268
Segment	637	11	33341045	33343115
Segment	638	11	33343960	33358966
Segment	639	11	33343998	33356564
Segment	640	11	33346744	33349186
Segment	641	11	33346744	33358966
Segment	642	11	33348488	33349352
Segment	643	11	33348488	33356564
Segment	644	11	33353101	33356564
Segment	645	11	33354554	33358966
Segment	646	11	33355871	33356564
Segment	647	11	33356306	33358966
Segment	648	11	33356441	33356564
Segment	649	11	33356441	33358966
Segment	650	11	33359010	33368696
Segment	651	11	33359010	33370207
Segment	652	11	33359010	33370640
Segment	653	11	33359010	33371137
Segment	654	11	33363347	33363426
Segment	655	11	33364344	33365039
Segment	656	11	33371081	33371467
Segment	657	11	33371081	33376318
Segment	658	11	33372112	33372123
Segment	659	11	33372112	33375027
Segment	660	11	33372705	33388111
Segment	661	11	33372705	33415873
Segment	662	11	33375720	33389664
Segment	663	11	33375720	33414704
Segment	664	11	33378520	33414704
Segment	665	11	33379591	33415873
Segment	666	11	33384509	33403480
Segment	667	11	33385640	33402368
Segment	668	11	33387274	33415873
Segment	669	11	33388597	33400678
Segment	670	11	33388597	33403480
Segment	671	11	33388602	33414704
Segment	672	11	33389391	33401454
Segment	673	11	33389391	33402368
Segment	674	11	33400366	33414704
Segment	675	11	33400366	33415873
Segment	676	11	33401976	33415873
Segment	677	11	33403766	33414704
Segment	678	11	33413544	33415873
Segment	679	11	33414152	33414704
Segment	680	11	33416021	33423577
Segment	681	11	33416021	33424802
Segment	682	11	33416021	33432290
Segment	683	11	33416021	33442913
Segment	684	11	33416021	33444481
Segment	685	11	33416021	33445039
Segment	686	11	33416983	33424802
Segment	687	11	33416983	33425084
Segment	688	11	33416983	33432655
Segment	689	11	33416983	33443878
Segment	690	11	33416983	33444481
Segment	691	11	33416983	33445039
Segment	692	11	33438218	33478100
Segment	693	11	33439083	33446826
Segment	694	11	33439280	33476840
Segment	695	11	33439937	33447649
Segment	696	11	33446584	33446826
Segment	697	11	33446584	33447649
Segment	698	11	33446584	33468197
Segment	699	11	33446584	33474826
Segment	700	11	33447660	33454322
Segment	701	11	33447660	33454497
Segment	702	11	33447660	33468825
Segment	703	11	33447660	33473703
Segment	704	11	33464518	33478100
Segment	705	11	33465910	33476840
Segment	706	11	33472408	33488305
Segment	707	11	33472408	33489211
Segment	708	11	33473045	33487614
Segment	709	11	33473045	33491500
Segment	710	11	33478878	33489211
Segment	711	11	33480172	33487614
Segment	712	11	33480489	33489211
Segment	713	11	33481506	33487614
Segment	714	11	33488794	33493807
Segment	715	11	33488794	33496541
Segment	716	11	33488794	33502141
Segment	717	11	33489484	33497469
Segment	718	11	33489484	33497722
Segment	719	11	33489484	33501472
Segment	720	11	33498856	33501472
Segment	721	11	33501077	33514833
Segment	722	11	33501549	33502141
Segment	723	11	33502473	33514958
Segment	724	11	33507259	33519563
Segment	725	11	33508948	33527030
Segment	726	11	33510373	33518716
Segment	727	11	33510829	33528462
Segment	728	11	33518410	33518716
Segment	729	11	33519465	33519563
Segment	730	11	33520592	33536772
Segment	731	11	33521999	33537652
Segment	732	11	33523386	33529089
Segment	733	11	33523386	33585091
Segment	734	11	33526201	33530650
Segment	735	11	33526201	33586052
Segment	736	11	33533171	33550822
Segment	737	11	33533171	33553057
Segment	738	11	33533171	33586182
Segment	739	11	33533234	33551701
Segment	740	11	33533234	33555667
Segment	741	11	33533234	33586775
Segment	742	11	33545417	33545788
Segment	743	11	33545417	33602438
Segment	744	11	33546588	33548770
Segment	745	11	33546588	33601473
Segment	746	11	33554364	33588426
Segment	747	11	33554364	33591562
Segment	748	11	33554364	33609085
Segment	749	11	33555144	33590093
Segment	750	11	33555144	33592887
Segment	751	11	33555144	33613465
Segment	752	11	33560860	33569366
Segment	753	11	33560860	33577284
Segment	754	11	33561554	33571126
Segment	755	11	33561554	33579181
Segment	756	11	33583655	33586052
Segment	757	11	33585059	33585091
Segment	758	11	33588265	33592587
Segment	759	11	33588265	33592887
Segment	760	11	33589693	33591562
Segment	761	11	33589693	33593827
Segment	762	11	33592706	33596160
Segment	763	11	33592706	33623168
Segment	764	11	33592706	33638611
Segment	765	11	33593864	33597396
Segment	766	11	33593864	33623168
Segment	767	11	33593864	33639993
Segment	768	11	33608738	33617540
Segment	769	11	33608738	33620797
Segment	770	11	33609756	33618245
Segment	771	11	33609756	33621932
Segment	772	11	33622127	33674282
Segment	773	11	33623716	33674889
Segment	774	11	33639840	33643276
Segment	775	11	33639840	33657053
Segment	776	11	33639840	33680281
Segment	777	11	33639840	33683193
Segment	778	11	33640303	33643276
Segment	779	11	33640303	33658774
Segment	780	11	33640303	33680536
Segment	781	11	33640303	33682437
Segment	782	11	33652749	33655270
Segment	783	11	33652749	33683193
Segment	784	11	33653875	33655376
Segment	785	11	33653875	33682437
Segment	786	11	33662663	33672114
Segment	787	11	33663536	33671443
Segment	788	11	33674174	33680536
Segment	789	11	33674581	33680281
Segment	790	11	33675346	33683193
Segment	791	11	33675346	33699002
Segment	792	11	33676545	33682437
Segment	793	11	33676545	33697534
Segment	794	11	33682968	33708400
Segment	795	11	33683814	33709437
Segment	796	11	33684685	33702916
Segment	797	11	33685461	33702916
Segment	798	11	33702844	33737292
Segment	799	11	33705458	33736406
Segment	800	11	33707667	33732315
Segment	801	11	33707667	33737292
Segment	802	11	33708578	33730592
Segment	803	11	33708578	33736406
Segment	804	11	33717325	33732315
Segment	805	11	33718066	33730592
Segment	806	11	33738097	33744577
Segment	807	11	33738803	33743508
Segment	808	11	33744683	33763438
Segment	809	11	33744683	33776887
Segment	810	11	33744742	33762328
Segment	811	11	33744742	33778843
Segment	812	11	33760006	33763438
Segment	813	11	33761110	33762328
Segment	814	11	33763998	33776887
Segment	815	11	33765661	33778843
Segment	816	11	33773583	33776887
Segment	817	11	33775181	33778843
Segment	818	11	33776445	33776887
Segment	819	11	33776445	33778843
Segment	820	11	33779061	33780004
Segment	821	11	33779061	33782014
Segment	822	11	33779611	33780004
Segment	823	11	33779611	33804071
Segment	824	11	33780416	33782014
Segment	825	11	33780416	33805789
Segment	826	11	33786404	33809685
Segment	827	11	33786404	33810771
Segment	828	11	33786404	33840778
Segment	829	11	33786404	33863328
Segment	830	11	33787960	33807892
Segment	831	11	33787960	33812717
Segment	832	11	33787960	33837978
Segment	833	11	33787960	33863328
Segment	834	11	33808039	33830797
Segment	835	11	33808039	33862483
Segment	836	11	33808704	33831782
Segment	837	11	33808704	33862483
Segment	838	11	33822766	33827904
Segment	839	11	33822766	33828854
Segment	840	11	33822766	33829389
Segment	841	11	33822766	33829953
Segment	842	11	33833153	33868259
Segment	843	11	33834692	33866944
Segment	844	11	33838331	33862483
Segment	845	11	33838911	33862483
Segment	846	11	33861125	33868259
Segment	847	11	33862056	33866944
Segment	848	11	33866751	33866944
Segment	849	11	33867107	33868259
Segment	850	11	33867107	33892383
Segment	851	11	33868792	33892383
Segment	852	11	33871232	33892383
Segment	853	11	33897160	33921074
Segment	854	11	33897160	33922553
Segment	855	11	33897160	33985599
Segment	856	11	33898280	33902258
Segment	857	11	33900390	33901216
Segment	858	11	33909151	33921074
Segment	859	11	33911437	33922553
Segment	860	11	33922008	33922283
Segment	861	11	33922008	33931568
Segment	862	11	33922008	33937820
Segment	863	11	33922008	33948093
Segment	864	11	33922008	33949552
Segment	865	11	33922817	33923337
Segment	866	11	33922817	33932377
Segment	867	11	33922817	33939498
Segment	868	11	33922817	33948467
Segment	869	11	33922817	33951015
Segment	870	11	33929396	33960908
Segment	871	11	33930706	33960908
Segment	872	11	33944889	33960908
Segment	873	11	33946125	33960908
Segment	874	11	33960825	33965199
Segment	875	11	33960825	33971999
Segment	876	11	33961958	33962239
Segment	877	11	33961958	33972884
Segment	878	11	33964222	33965748
Segment	879	11	33964222	33968075
Segment	880	11	33964872	33966500
Segment	881	11	33964872	33972414
Segment	882	11	33970585	33971999
Segment	883	11	33970585	33972884
Segment	884	11	33973309	33973730
Segment	885	11	33973309	33974654
Segment	886	11	33974657	33980413
Segment	887	11	33974657	33981182
Segment	888	11	33979690	33980413
Segment	889	11	33979690	33981182
Segment	890	11	33979690	33985599
Segment	891	11	33981441	33985599
Segment	892	11	33982771	33985599
Segment	893	11	46578962	46600770
Segment	894	11	46578962	46601815
Segment	895	11	46578962	46650724
Segment	896	11	46578962	46659505
Segment	897	11	46578962	46660235
Segment	898	11	46578962	46660724
Segment	899	11	46584603	46588304
Segment	900	11	46585391	46589831
Segment	901	11	46588962	46650724
Segment	902	11	46597865	46612435
Segment	903	11	46597865	46650724
Segment	904	11	46598862	46612435
Segment	905	11	46598862	46649704
Segment	906	11	46615881	46649704
Segment	907	11	46616407	46649704
Segment	908	11	46617646	46649704
Segment	909	11	46617646	46650724
Segment	910	11	46630887	46650724
Segment	911	11	46631627	46649704
Segment	912	11	46632992	46650724
Segment	913	11	46634756	46649704
Segment	914	11	46647750	46650724
Segment	915	11	46648322	46660235
Segment	916	11	46648852	46649704
Segment	917	11	46650532	46660235
Segment	918	11	46651579	46659505
Segment	919	11	46651835	46659505
Segment	920	11	46660236	46660724
Segment	921	11	46776446	46777216
Segment	922	11	46776446	46792928
Segment	923	11	46776446	46793755
Segment	924	11	46776446	46797174
Segment	925	11	46776446	46806268
Segment	926	11	46776446	46807174
Segment	927	11	46791034	46794995
Segment	928	11	46793939	46796701
Segment	929	12	2819707	2821645
Segment	930	12	2819707	2822527
Segment	931	12	2819707	2829748
Segment	932	12	2819707	2833963
Segment	933	12	2819707	2850434
Segment	934	12	2828208	2829748
Segment	935	12	2828208	2833963
Segment	936	12	2829707	2829748
Segment	937	12	2829707	2833963
Segment	938	12	2830046	2833963
Segment	939	12	2834941	2847832
Segment	940	12	2834941	2850434
Segment	941	12	2838122	2848794
Segment	942	12	2838122	2850434
Segment	943	17	64234651	64234982
Segment	944	17	64234651	64236800
Segment	945	17	64234651	64237504
Segment	946	17	64234651	64240085
Segment	947	17	64234651	64240550
Segment	948	17	64234651	64242037
Segment	949	17	64234651	64245379
Segment	950	17	64234651	64265056
Segment	951	17	64257411	64259285
Segment	952	17	64257882	64259936
Segment	953	17	64266114	64285379
Segment	954	17	64281006	64281400
Cycle=1;Copy_count=44.7289074915;Length=68;IsCyclicPath=False;CycleClass=Invalid;Segments=0+,8-,0+
Cycle=2;Copy_count=22.1880558551;Length=40;IsCyclicPath=False;CycleClass=Invalid;Segments=0+,16-,0+
Cycle=3;Copy_count=5.90207226945;Length=51;IsCyclicPath=False;CycleClass=Invalid;Segments=0+,9-,0+
Cycle=4;Copy_count=3.7833709918;Length=44;IsCyclicPath=False;CycleClass=Invalid;Segments=0+,10-,0+
Cycle=5;Copy_count=3.34265350025;Length=42;IsCyclicPath=False;CycleClass=Invalid;Segments=0+,13-,0+
Cycle=6;Copy_count=2.72111494411;Length=41;IsCyclicPath=False;CycleClass=Invalid;Segments=0+,15-,0+
Cycle=7;Copy_count=2.22845810282;Length=42;IsCyclicPath=False;CycleClass=Invalid;Segments=0+,13-,0+
Cycle=8;Copy_count=2.22745191347;Length=398826;IsCyclicPath=False;CycleClass=Invalid;Segments=0+,35-,0+
Cycle=9;Copy_count=1.96890257753;Length=88440;IsCyclicPath=False;CycleClass=Invalid;Segments=0+,855-,0+
Cycle=10;Copy_count=1.8057900402;Length=1668955;IsCyclicPath=False;CycleClass=Invalid;Segments=0+,197-,0+
Cycle=11;Copy_count=1.73747566224;Length=49672;IsCyclicPath=False;CycleClass=Linear;Segments=0+,953-,950-,0+
Cycle=12;Copy_count=1.573059745;Length=30728;IsCyclicPath=False;CycleClass=Invalid;Segments=0+,933-,0+
Cycle=13;Copy_count=1.45096838737;Length=126128;IsCyclicPath=False;CycleClass=Rearranged;Segments=0+,5-,6+,0+
Cycle=14;Copy_count=1.35319987024;Length=30729;IsCyclicPath=False;CycleClass=Invalid;Segments=0+,926-,0+
Cycle=15;Copy_count=1.20680881918;Length=81763;IsCyclicPath=False;CycleClass=Invalid;Segments=0+,898-,0+
Cycle=16;Copy_count=1.09256336142;Length=110043;IsCyclicPath=False;CycleClass=Invalid;Segments=0+,3-,0+
Cycle=17;Copy_count=1.02658462109;Length=1767;IsCyclicPath=True;CycleClass=Invalid;Segments=390+,392-
Cycle=18;Copy_count=0.915239198966;Length=489;IsCyclicPath=False;CycleClass=Invalid;Segments=0+,920-,0+
Cycle=19;Copy_count=0.900555137236;Length=36189;IsCyclicPath=True;CycleClass=Rearranged;Segments=521-,522+
Cycle=20;Copy_count=0.87793563943;Length=23461;IsCyclicPath=True;CycleClass=Rearranged;Segments=517-,518+
Cycle=21;Copy_count=0.750328997083;Length=20002;IsCyclicPath=True;CycleClass=Rearranged;Segments=442+,443-
Cycle=22;Copy_count=0.744798370846;Length=49835;IsCyclicPath=True;CycleClass=Rearranged;Segments=823-,825+
Cycle=23;Copy_count=0.7345553349;Length=42780;IsCyclicPath=True;CycleClass=Rearranged;Segments=698+,702-
Cycle=24;Copy_count=0.726425868213;Length=26120;IsCyclicPath=True;CycleClass=Rearranged;Segments=356+,357-
Cycle=25;Copy_count=0.71837283939;Length=66307;IsCyclicPath=True;CycleClass=Rearranged;Segments=809-,811+
Cycle=26;Copy_count=0.675878260545;Length=144453;IsCyclicPath=True;CycleClass=Rearranged;Segments=458+,461-
Cycle=27;Copy_count=0.667732241592;Length=18789;IsCyclicPath=True;CycleClass=Rearranged;Segments=252+,254-
Cycle=28;Copy_count=0.666789960722;Length=17360;IsCyclicPath=True;CycleClass=Rearranged;Segments=786+,787-
Cycle=29;Copy_count=0.665611166371;Length=9800;IsCyclicPath=False;CycleClass=Invalid;Segments=0+,25-,0+
Cycle=30;Copy_count=0.645252916108;Length=47726;IsCyclicPath=True;CycleClass=Rearranged;Segments=844+,845-
Cycle=31;Copy_count=0.626446370572;Length=27518;IsCyclicPath=True;CycleClass=Rearranged;Segments=805-,804+
Cycle=32;Copy_count=0.625484335935;Length=45834;IsCyclicPath=True;CycleClass=Rearranged;Segments=7-,4+
Cycle=33;Copy_count=0.59829902577;Length=24146;IsCyclicPath=True;CycleClass=Rearranged;Segments=669+,672-
Cycle=34;Copy_count=0.593915961702;Length=64565;IsCyclicPath=False;CycleClass=Rearranged;Segments=0+,26+,28-,0+
Cycle=35;Copy_count=0.589539435896;Length=2555;IsCyclicPath=True;CycleClass=Invalid;Segments=742-,744+
Cycle=36;Copy_count=0.576716692366;Length=48869;IsCyclicPath=False;CycleClass=Rearranged;Segments=0+,850-,851+,0+
Cycle=37;Copy_count=0.565702992212;Length=53382;IsCyclicPath=True;CycleClass=Rearranged;Segments=564-,563+
Cycle=38;Copy_count=0.55768540047;Length=38332;IsCyclicPath=True;CycleClass=Rearranged;Segments=316+,319-
Cycle=39;Copy_count=0.557565442987;Length=161818;IsCyclicPath=False;CycleClass=Rearranged;Segments=0+,897+,896-,0+
Cycle=40;Copy_count=0.555338892869;Length=120018;IsCyclicPath=True;CycleClass=Rearranged;Segments=285-,287+
Cycle=41;Copy_count=0.532548603727;Length=74870;IsCyclicPath=True;CycleClass=Rearranged;Segments=298-,299+
Cycle=42;Copy_count=0.517421277043;Length=93745;IsCyclicPath=True;CycleClass=Invalid;Segments=346+,347-
Cycle=43;Copy_count=0.511941257042;Length=44647;IsCyclicPath=True;CycleClass=Invalid;Segments=793-,791+
Cycle=44;Copy_count=0.507130537006;Length=3210;IsCyclicPath=True;CycleClass=Invalid;Segments=720+,722-
Cycle=45;Copy_count=0.502092755778;Length=60521;IsCyclicPath=False;CycleClass=Invalid;Segments=0+,98+,99-,0+
Cycle=46;Copy_count=0.501487641221;Length=31993;IsCyclicPath=True;CycleClass=Invalid;Segments=388-,389+
Cycle=47;Copy_count=0.500169484041;Length=80944;IsCyclicPath=True;CycleClass=Invalid;Segments=157+,159-
Cycle=48;Copy_count=0.497557375494;Length=17655;IsCyclicPath=True;CycleClass=Invalid;Segments=408+,409-
Cycle=49;Copy_count=0.495792871989;Length=36830;IsCyclicPath=True;CycleClass=Invalid;Segments=633-,628+
Cycle=50;Copy_count=0.489872120361;Length=103330;IsCyclicPath=True;CycleClass=Invalid;Segments=772+,773-
Cycle=51;Copy_count=0.47661547171;Length=51846;IsCyclicPath=True;CycleClass=Invalid;Segments=59+,61-
Cycle=52;Copy_count=0.473372892448;Length=2854;IsCyclicPath=True;CycleClass=Invalid;Segments=601+,604-
Cycle=53;Copy_count=0.469767040018;Length=17498;IsCyclicPath=True;CycleClass=Invalid;Segments=602+,605-
Cycle=54;Copy_count=0.458913124178;Length=36948;IsCyclicPath=True;CycleClass=Invalid;Segments=572-,579+
Cycle=55;Copy_count=0.45438731447;Length=47819;IsCyclicPath=False;CycleClass=Invalid;Segments=0+,34-,0+
Cycle=56;Copy_count=0.45104004686;Length=102028;IsCyclicPath=True;CycleClass=Invalid;Segments=589-,590+
Cycle=57;Copy_count=0.447936772328;Length=38625;IsCyclicPath=True;CycleClass=Invalid;Segments=55-,54+
Cycle=58;Copy_count=0.441825281567;Length=30440;IsCyclicPath=True;CycleClass=Invalid;Segments=233-,231+
Cycle=59;Copy_count=0.430520259046;Length=27127;IsCyclicPath=True;CycleClass=Invalid;Segments=309-,308+
Cycle=60;Copy_count=0.428504865264;Length=11187;IsCyclicPath=True;CycleClass=Invalid;Segments=807-,806+
Cycle=61;Copy_count=0.427073186016;Length=14280;IsCyclicPath=True;CycleClass=Invalid;Segments=64+,65-
Cycle=62;Copy_count=0.426855979181;Length=38384;IsCyclicPath=True;CycleClass=Invalid;Segments=158-,156+
Cycle=63;Copy_count=0.425874082724;Length=5751;IsCyclicPath=True;CycleClass=Invalid;Segments=569+,570-
Cycle=64;Copy_count=0.425692967698;Length=94364;IsCyclicPath=True;CycleClass=Invalid;Segments=456+,459-
Cycle=65;Copy_count=0.422317580216;Length=33457;IsCyclicPath=True;CycleClass=Invalid;Segments=182+,183-
Cycle=66;Copy_count=0.399518655967;Length=10343;IsCyclicPath=True;CycleClass=Invalid;Segments=495+,497-
Cycle=67;Copy_count=0.39843667713;Length=14051;IsCyclicPath=True;CycleClass=Invalid;Segments=887+,886-,884+,885-
Cycle=68;Copy_count=0.388111080675;Length=2431;IsCyclicPath=True;CycleClass=Invalid;Segments=756+,757-
Cycle=69;Copy_count=0.385755635353;Length=49309;IsCyclicPath=True;CycleClass=Invalid;Segments=853-,854+
Cycle=70;Copy_count=0.383261681635;Length=16396;IsCyclicPath=True;CycleClass=Invalid;Segments=216+,217-
Cycle=71;Copy_count=0.381091418362;Length=24299;IsCyclicPath=False;CycleClass=Invalid;Segments=0+,932+,931-,0+
Cycle=72;Copy_count=0.379635468157;Length=22353;IsCyclicPath=True;CycleClass=Invalid;Segments=206-,207+
Cycle=73;Copy_count=0.376533623025;Length=26966;IsCyclicPath=True;CycleClass=Invalid;Segments=404+,405-
Cycle=74;Copy_count=0.376468163148;Length=27446;IsCyclicPath=True;CycleClass=Invalid;Segments=381-,378+
Cycle=75;Copy_count=0.373190189213;Length=131905;IsCyclicPath=True;CycleClass=Invalid;Segments=556-,552+
Cycle=76;Copy_count=0.3713481086;Length=92036;IsCyclicPath=True;CycleClass=Invalid;Segments=764-,767+
Cycle=77;Copy_count=0.364384620967;Length=25479;IsCyclicPath=True;CycleClass=Invalid;Segments=652+,651-,648+,649-
Cycle=78;Copy_count=0.360244722981;Length=24179;IsCyclicPath=True;CycleClass=Invalid;Segments=161-,160+
Cycle=79;Copy_count=0.358842985998;Length=8154;IsCyclicPath=True;CycleClass=Invalid;Segments=659-,657+
Cycle=80;Copy_count=0.35374507018;Length=15987;IsCyclicPath=True;CycleClass=Invalid;Segments=715-,718+
Cycle=81;Copy_count=0.350126932769;Length=13862;IsCyclicPath=True;CycleClass=Invalid;Segments=400-,402+
Cycle=82;Copy_count=0.34825761088;Length=36826;IsCyclicPath=True;CycleClass=Invalid;Segments=100-,101+
Cycle=83;Copy_count=0.346375428476;Length=3249;IsCyclicPath=True;CycleClass=Invalid;Segments=168+,174-
Cycle=84;Copy_count=0.344923731172;Length=14832;IsCyclicPath=True;CycleClass=Invalid;Segments=713-,712+
Cycle=85;Copy_count=0.343359549525;Length=19920;IsCyclicPath=False;CycleClass=Invalid;Segments=0+,192+,193-,0+
Cycle=86;Copy_count=0.342616214852;Length=6988;IsCyclicPath=False;CycleClass=Invalid;Segments=0+,891-,892+,0+
Cycle=87;Copy_count=0.340812471781;Length=13221;IsCyclicPath=True;CycleClass=Invalid;Segments=270+,271-
Cycle=88;Copy_count=0.337386362166;Length=21230;IsCyclicPath=True;CycleClass=Invalid;Segments=484+,485-
Cycle=89;Copy_count=0.333188643282;Length=25747;IsCyclicPath=True;CycleClass=Invalid;Segments=145-,144+
Cycle=90;Copy_count=0.327902527192;Length=16623;IsCyclicPath=True;CycleClass=Invalid;Segments=273-,272+
Cycle=91;Copy_count=0.326951371777;Length=42382;IsCyclicPath=True;CycleClass=Invalid;Segments=12+,11-,336-,339+
Cycle=92;Copy_count=0.32245463779;Length=837;IsCyclicPath=True;CycleClass=Invalid;Segments=406-,407+
Cycle=93;Copy_count=0.322049575944;Length=98954;IsCyclicPath=True;CycleClass=Invalid;Segments=281-,280+
Cycle=94;Copy_count=0.322017683521;Length=67360;IsCyclicPath=True;CycleClass=Invalid;Segments=842+,843-
Cycle=95;Copy_count=0.318774768273;Length=70283;IsCyclicPath=True;CycleClass=Invalid;Segments=505+,516-
Cycle=96;Copy_count=0.315468994779;Length=26243;IsCyclicPath=True;CycleClass=Invalid;Segments=721+,723-
Cycle=97;Copy_count=0.315192650797;Length=34354;IsCyclicPath=True;CycleClass=Invalid;Segments=706-,709+
Cycle=98;Copy_count=0.312579660739;Length=34618;IsCyclicPath=True;CycleClass=Invalid;Segments=539+,540-
Cycle=99;Copy_count=0.30840431783;Length=48542;IsCyclicPath=True;CycleClass=Invalid;Segments=373-,372+
Cycle=100;Copy_count=0.304395632154;Length=25178;IsCyclicPath=True;CycleClass=Invalid;Segments=315+,318-
Cycle=101;Copy_count=0.304010645684;Length=2933;IsCyclicPath=True;CycleClass=Invalid;Segments=48+,51-
Cycle=102;Copy_count=0.299566372339;Length=5031;IsCyclicPath=True;CycleClass=Invalid;Segments=543-,548+
Cycle=103;Copy_count=0.299496451931;Length=57442;IsCyclicPath=True;CycleClass=Invalid;Segments=528-,530+
Cycle=104;Copy_count=0.298967811834;Length=21001;IsCyclicPath=False;CycleClass=Invalid;Segments=0+,190-,191+,0+
Cycle=105;Copy_count=0.298959286934;Length=31835;IsCyclicPath=True;CycleClass=Invalid;Segments=730+,731-
Cycle=106;Copy_count=0.29454056657;Length=61596;IsCyclicPath=True;CycleClass=Invalid;Segments=379-,382+
Cycle=107;Copy_count=0.293361528408;Length=83022;IsCyclicPath=True;CycleClass=Invalid;Segments=591-,593+
Cycle=108;Copy_count=0.292142434053;Length=8143;IsCyclicPath=True;CycleClass=Invalid;Segments=899-,900+
Cycle=109;Copy_count=0.2889335955;Length=27574;IsCyclicPath=True;CycleClass=Invalid;Segments=639-,638+
Cycle=110;Copy_count=0.285934259446;Length=25186;IsCyclicPath=True;CycleClass=Invalid;Segments=394+,395-
Cycle=111;Copy_count=0.281664849243;Length=16421;IsCyclicPath=True;CycleClass=Invalid;Segments=208-,209+
Cycle=112;Copy_count=0.280393288415;Length=27807;IsCyclicPath=False;CycleClass=Invalid;Segments=0+,942-,940+,0+
Cycle=113;Copy_count=0.278309721696;Length=25951;IsCyclicPath=True;CycleClass=Invalid;Segments=148+,150-
Cycle=114;Copy_count=0.275507292666;Length=36343;IsCyclicPath=True;CycleClass=Invalid;Segments=810-,808+
Cycle=115;Copy_count=0.272552973084;Length=80436;IsCyclicPath=False;CycleClass=Invalid;Segments=0+,30+,31-,0+
Cycle=116;Copy_count=0.270703480475;Length=2312;IsCyclicPath=True;CycleClass=Invalid;Segments=312+,313-
Cycle=117;Copy_count=0.270185315014;Length=5734;IsCyclicPath=True;CycleClass=Invalid;Segments=488-,490+
Cycle=118;Copy_count=0.268109236576;Length=41305;IsCyclicPath=True;CycleClass=Invalid;Segments=242+,243-
Cycle=119;Copy_count=0.263914396274;Length=23565;IsCyclicPath=True;CycleClass=Invalid;Segments=939+,941-
Cycle=120;Copy_count=0.263256105081;Length=14810;IsCyclicPath=True;CycleClass=Invalid;Segments=701+,700-,696+,697-
Cycle=121;Copy_count=0.262297334848;Length=24837;IsCyclicPath=True;CycleClass=Invalid;Segments=676+,677-
Cycle=122;Copy_count=0.26169950305;Length=10753;IsCyclicPath=False;CycleClass=Invalid;Segments=0+,14-,949-,0+
Cycle=123;Copy_count=0.258687383094;Length=10997;IsCyclicPath=True;CycleClass=Invalid;Segments=121-,120+
Cycle=124;Copy_count=0.257466274381;Length=32580;IsCyclicPath=True;CycleClass=Invalid;Segments=618-,617+
Cycle=125;Copy_count=0.256879371818;Length=30571;IsCyclicPath=True;CycleClass=Invalid;Segments=433-,432+
Cycle=126;Copy_count=0.255316659639;Length=33793;IsCyclicPath=False;CycleClass=Invalid;Segments=0+,922+,923-,0+
Cycle=127;Copy_count=0.253641081251;Length=3715;IsCyclicPath=True;CycleClass=Invalid;Segments=882-,883+
Cycle=128;Copy_count=0.252657632465;Length=66412;IsCyclicPath=False;CycleClass=Invalid;Segments=0+,27+,29-,0+
Cycle=129;Copy_count=0.251637264161;Length=43215;IsCyclicPath=True;CycleClass=Invalid;Segments=830-,826+
Cycle=130;Copy_count=0.250009249718;Length=29724;IsCyclicPath=True;CycleClass=Invalid;Segments=450-,449+
Cycle=131;Copy_count=0.250009249718;Length=29431;IsCyclicPath=True;CycleClass=Invalid;Segments=448+,452-
Cycle=132;Copy_count=0.249149963627;Length=59646;IsCyclicPath=False;CycleClass=Invalid;Segments=0+,925+,925-,0+
Cycle=133;Copy_count=0.24897104427;Length=43041;IsCyclicPath=True;CycleClass=Invalid;Segments=466+,471-
Cycle=134;Copy_count=0.248730888613;Length=29847;IsCyclicPath=True;CycleClass=Invalid;Segments=674-,675+
Cycle=135;Copy_count=0.247867929711;Length=44180;IsCyclicPath=True;CycleClass=Invalid;Segments=541+,542-
Cycle=136;Copy_count=0.238355153367;Length=1993;IsCyclicPath=True;CycleClass=Invalid;Segments=822-,824+
Cycle=137;Copy_count=0.237098740907;Length=4452;IsCyclicPath=True;CycleClass=Invalid;Segments=447-,446+
Cycle=138;Copy_count=0.234509683464;Length=31901;IsCyclicPath=True;CycleClass=Invalid;Segments=634-,635+
Cycle=139;Copy_count=0.234351396042;Length=516;IsCyclicPath=True;CycleClass=Invalid;Segments=422+,426-
Cycle=140;Copy_count=0.23256123138;Length=12064;IsCyclicPath=True;CycleClass=Invalid;Segments=788+,789-
Cycle=141;Copy_count=0.231808138734;Length=7350;IsCyclicPath=True;CycleClass=Invalid;Segments=229-,228+
Cycle=142;Copy_count=0.22866683862;Length=44557;IsCyclicPath=True;CycleClass=Invalid;Segments=178+,179-
Cycle=143;Copy_count=0.227984449615;Length=108225;IsCyclicPath=True;CycleClass=Invalid;Segments=835+,837-
Cycle=144;Copy_count=0.224975491094;Length=8458;IsCyclicPath=True;CycleClass=Invalid;Segments=758+,761-
Cycle=145;Copy_count=0.223935892108;Length=32156;IsCyclicPath=True;CycleClass=Invalid;Segments=278+,279-
Cycle=146;Copy_count=0.222677139622;Length=35717;IsCyclicPath=True;CycleClass=Invalid;Segments=725+,727-
Cycle=147;Copy_count=0.220450900805;Length=6725;IsCyclicPath=True;CycleClass=Invalid;Segments=927+,928-
Cycle=148;Copy_count=0.21986662633;Length=34185;IsCyclicPath=True;CycleClass=Invalid;Segments=70+,71-
Cycle=149;Copy_count=0.21919138677;Length=31374;IsCyclicPath=True;CycleClass=Invalid;Segments=708-,707+
Cycle=150;Copy_count=0.218403937296;Length=24834;IsCyclicPath=True;CycleClass=Invalid;Segments=237+,238-
Cycle=151;Copy_count=0.213867537823;Length=53782;IsCyclicPath=True;CycleClass=Invalid;Segments=598-,597+
Cycle=152;Copy_count=0.210059254861;Length=776;IsCyclicPath=True;CycleClass=Invalid;Segments=654-,655+
Cycle=153;Copy_count=0.209837163109;Length=53789;IsCyclicPath=True;CycleClass=Invalid;Segments=683-,689+
Cycle=154;Copy_count=0.209075451258;Length=20069;IsCyclicPath=True;CycleClass=Invalid;Segments=292+,296-
Cycle=155;Copy_count=0.208668226199;Length=7297;IsCyclicPath=True;CycleClass=Invalid;Segments=934-,935+
Cycle=156;Copy_count=0.205538762752;Length=18205;IsCyclicPath=True;CycleClass=Invalid;Segments=486+,491-
Cycle=157;Copy_count=0.204801359136;Length=32743;IsCyclicPath=True;CycleClass=Invalid;Segments=350-,352+
Cycle=158;Copy_count=0.201465296431;Length=12906;IsCyclicPath=True;CycleClass=Invalid;Segments=146-,147+
Cycle=159;Copy_count=0.201150719583;Length=11538;IsCyclicPath=True;CycleClass=Invalid;Segments=384+,386-
Cycle=160;Copy_count=0.200719984374;Length=28935;IsCyclicPath=True;CycleClass=Invalid;Segments=94-,96+
Cycle=161;Copy_count=0.199307874181;Length=21196;IsCyclicPath=True;CycleClass=Invalid;Segments=263-,260-,259+,264+
Cycle=162;Copy_count=0.197302865566;Length=33935;IsCyclicPath=True;CycleClass=Invalid;Segments=142-,140+
Cycle=163;Copy_count=0.196868292159;Length=28831;IsCyclicPath=True;CycleClass=Invalid;Segments=72+,73-
Cycle=164;Copy_count=0.196753287362;Length=25337;IsCyclicPath=True;CycleClass=Invalid;Segments=716+,719-
Cycle=165;Copy_count=0.196733257058;Length=24465;IsCyclicPath=True;CycleClass=Invalid;Segments=653+,650-,648+,649-
Cycle=166;Copy_count=0.194800985337;Length=27406;IsCyclicPath=True;CycleClass=Invalid;Segments=214+,215-
Cycle=167;Copy_count=0.194218735424;Length=27567;IsCyclicPath=True;CycleClass=Invalid;Segments=117-,116+
Cycle=168;Copy_count=0.193839721757;Length=31943;IsCyclicPath=True;CycleClass=Invalid;Segments=682+,688-
Cycle=169;Copy_count=0.193366019133;Length=24237;IsCyclicPath=True;CycleClass=Invalid;Segments=769-,771+
Cycle=170;Copy_count=0.193153945303;Length=12156;IsCyclicPath=True;CycleClass=Invalid;Segments=218-,220+
Cycle=171;Copy_count=0.191032879411;Length=24256;IsCyclicPath=False;CycleClass=Invalid;Segments=0+,188-,189+,0+
Cycle=172;Copy_count=0.18990781403;Length=180439;IsCyclicPath=True;CycleClass=Invalid;Segments=904-,902+,833-,829+
Cycle=173;Copy_count=0.188904971314;Length=3450;IsCyclicPath=True;CycleClass=Invalid;Segments=113-,115+
Cycle=174;Copy_count=0.187945221784;Length=40124;IsCyclicPath=True;CycleClass=Invalid;Segments=351+,353-
Cycle=175;Copy_count=0.18718785747;Length=35688;IsCyclicPath=True;CycleClass=Invalid;Segments=796+,797-
Cycle=176;Copy_count=0.18465679235;Length=11228;IsCyclicPath=True;CycleClass=Invalid;Segments=838-,839+
Cycle=177;Copy_count=0.184486023116;Length=467;IsCyclicPath=True;CycleClass=Invalid;Segments=166+,171-
Cycle=178;Copy_count=0.184382263039;Length=6988;IsCyclicPath=True;CycleClass=Invalid;Segments=762-,765+
Cycle=179;Copy_count=0.182745432619;Length=399;IsCyclicPath=True;CycleClass=Invalid;Segments=656+,658-
Cycle=180;Copy_count=0.182227366206;Length=6176;IsCyclicPath=True;CycleClass=Invalid;Segments=623+,625-
Cycle=181;Copy_count=0.1814266569;Length=89277;IsCyclicPath=True;CycleClass=Invalid;Segments=20-,18+
Cycle=182;Copy_count=0.177488931566;Length=43241;IsCyclicPath=True;CycleClass=Invalid;Segments=244+,247-
Cycle=183;Copy_count=0.175309351347;Length=45666;IsCyclicPath=True;CycleClass=Invalid;Segments=529-,527+
Cycle=184;Copy_count=0.174945241685;Length=18586;IsCyclicPath=True;CycleClass=Invalid;Segments=565-,566+
Cycle=185;Copy_count=0.173776762408;Length=10922;IsCyclicPath=True;CycleClass=Invalid;Segments=205-,204+
Cycle=186;Copy_count=0.173671151669;Length=34294;IsCyclicPath=True;CycleClass=Invalid;Segments=42+,47-
Cycle=187;Copy_count=0.173457508064;Length=25227;IsCyclicPath=True;CycleClass=Invalid;Segments=533-,535+
Cycle=188;Copy_count=0.172478130559;Length=34647;IsCyclicPath=True;CycleClass=Invalid;Segments=415+,419-
Cycle=189;Copy_count=0.170679572996;Length=24225;IsCyclicPath=True;CycleClass=Invalid;Segments=169+,175-
Cycle=190;Copy_count=0.168839829966;Length=46091;IsCyclicPath=False;CycleClass=Invalid;Segments=0+,852-,848+,849-,851+,0+
Cycle=191;Copy_count=0.16863955508;Length=1494;IsCyclicPath=True;CycleClass=Invalid;Segments=499-,506+
Cycle=192;Copy_count=0.168398104255;Length=14009;IsCyclicPath=True;CycleClass=Invalid;Segments=498+,500-,507+,512-
Cycle=193;Copy_count=0.167625137801;Length=30804;IsCyclicPath=True;CycleClass=Invalid;Segments=872+,873-
Cycle=194;Copy_count=0.16658796013;Length=8503;IsCyclicPath=True;CycleClass=Invalid;Segments=36+,37-
Cycle=195;Copy_count=0.165770699296;Length=14512;IsCyclicPath=True;CycleClass=Invalid;Segments=451+,453-
Cycle=196;Copy_count=0.164317982787;Length=13193;IsCyclicPath=True;CycleClass=Invalid;Segments=180-,181+
Cycle=197;Copy_count=0.164198821513;Length=2940;IsCyclicPath=True;CycleClass=Invalid;Segments=300+,301-
Cycle=198;Copy_count=0.163385945677;Length=45838;IsCyclicPath=True;CycleClass=Invalid;Segments=834-,836+
Cycle=199;Copy_count=0.162060142052;Length=15457;IsCyclicPath=True;CycleClass=Invalid;Segments=693+,695-
Cycle=200;Copy_count=0.158182469673;Length=17375;IsCyclicPath=True;CycleClass=Invalid;Segments=917+,919-
Cycle=201;Copy_count=0.157368975658;Length=35446;IsCyclicPath=True;CycleClass=Invalid;Segments=504+,515-
Cycle=202;Copy_count=0.156199123417;Length=6425;IsCyclicPath=True;CycleClass=Invalid;Segments=482-,483+
Cycle=203;Copy_count=0.156052203164;Length=4657;IsCyclicPath=True;CycleClass=Invalid;Segments=876-,874+
Cycle=204;Copy_count=0.154281841346;Length=22490;IsCyclicPath=True;CycleClass=Invalid;Segments=275+,277-
Cycle=205;Copy_count=0.15400004882;Length=103011;IsCyclicPath=True;CycleClass=Invalid;Segments=282+,283-
Cycle=206;Copy_count=0.153267216563;Length=32325;IsCyclicPath=True;CycleClass=Invalid;Segments=227-,226+
Cycle=207;Copy_count=0.321432866508;Length=56126;IsCyclicPath=True;CycleClass=Invalid;Segments=222+,223-
Cycle=208;Copy_count=0.153167683939;Length=97132;IsCyclicPath=True;CycleClass=Invalid;Segments=151-,149+
Cycle=209;Copy_count=0.152789310672;Length=24492;IsCyclicPath=True;CycleClass=Invalid;Segments=358+,363-
Cycle=210;Copy_count=0.152728833104;Length=4806;IsCyclicPath=True;CycleClass=Invalid;Segments=856+,857-
Cycle=211;Copy_count=0.151792460138;Length=6411;IsCyclicPath=True;CycleClass=Invalid;Segments=774+,778-
Cycle=212;Copy_count=0.151774670748;Length=2772;IsCyclicPath=True;CycleClass=Invalid;Segments=314+,317-
Cycle=213;Copy_count=0.151469982957;Length=1035;IsCyclicPath=True;CycleClass=Invalid;Segments=141+,143-
Cycle=214;Copy_count=0.150808832859;Length=2393;IsCyclicPath=True;CycleClass=Invalid;Segments=288-,289+
Cycle=215;Copy_count=0.149756955888;Length=46005;IsCyclicPath=True;CycleClass=Invalid;Segments=439-,441+
Cycle=216;Copy_count=0.149756955888;Length=54444;IsCyclicPath=True;CycleClass=Invalid;Segments=437-,435+
Cycle=217;Copy_count=0.149756955888;Length=36096;IsCyclicPath=True;CycleClass=Invalid;Segments=438+,440-
Cycle=218;Copy_count=0.149470536852;Length=62097;IsCyclicPath=True;CycleClass=Invalid;Segments=401+,403-
Cycle=219;Copy_count=0.149155488715;Length=20337;IsCyclicPath=True;CycleClass=Invalid;Segments=493-,492+
Cycle=220;Copy_count=0.14876186308;Length=29352;IsCyclicPath=True;CycleClass=Invalid;Segments=660+,662-
Cycle=221;Copy_count=0.148283072518;Length=59318;IsCyclicPath=True;CycleClass=Invalid;Segments=477+,479-
Cycle=222;Copy_count=0.146497441433;Length=88482;IsCyclicPath=True;CycleClass=Invalid;Segments=559-,562+
Cycle=223;Copy_count=0.145950339504;Length=59601;IsCyclicPath=True;CycleClass=Invalid;Segments=595-,596+
Cycle=224;Copy_count=0.145871051725;Length=4024;IsCyclicPath=True;CycleClass=Invalid;Segments=782+,784-
Cycle=225;Copy_count=0.144836571902;Length=27862;IsCyclicPath=True;CycleClass=Invalid;Segments=673-,670+
Cycle=226;Copy_count=0.144819608542;Length=797;IsCyclicPath=True;CycleClass=Invalid;Segments=860-,865+
Cycle=227;Copy_count=0.144490694243;Length=34835;IsCyclicPath=True;CycleClass=Invalid;Segments=58+,60-
Cycle=228;Copy_count=0.144219316121;Length=18782;IsCyclicPath=True;CycleClass=Invalid;Segments=40-,44+
Cycle=229;Copy_count=0.143949485129;Length=10770;IsCyclicPath=False;CycleClass=Invalid;Segments=0+,15-,949-,0+
Cycle=230;Copy_count=0.1427706049;Length=10490;IsCyclicPath=True;CycleClass=Invalid;Segments=609-,612+
Cycle=231;Copy_count=0.142736080356;Length=2468;IsCyclicPath=True;CycleClass=Invalid;Segments=414-,418+
Cycle=232;Copy_count=0.142117324881;Length=13344;IsCyclicPath=True;CycleClass=Invalid;Segments=465+,470-
Cycle=233;Copy_count=0.142074022368;Length=13000;IsCyclicPath=True;CycleClass=Invalid;Segments=714-,717+
Cycle=234;Copy_count=0.141782216451;Length=849;IsCyclicPath=True;CycleClass=Invalid;Segments=122-,123+
Cycle=235;Copy_count=0.140588079982;Length=80676;IsCyclicPath=True;CycleClass=Invalid;Segments=776+,780-
Cycle=236;Copy_count=0.140252910238;Length=790;IsCyclicPath=True;CycleClass=Invalid;Segments=954+,954-
Cycle=237;Copy_count=0.139896475416;Length=47320;IsCyclicPath=True;CycleClass=Invalid;Segments=310+,311-
Cycle=238;Copy_count=0.139611336581;Length=818;IsCyclicPath=True;CycleClass=Invalid;Segments=162-,164+
Cycle=239;Copy_count=0.138376490774;Length=11397;IsCyclicPath=True;CycleClass=Invalid;Segments=879-,881+
Cycle=240;Copy_count=0.137225820017;Length=18520;IsCyclicPath=True;CycleClass=Invalid;Segments=304+,305-
Cycle=241;Copy_count=0.137154193191;Length=59768;IsCyclicPath=True;CycleClass=Invalid;Segments=763+,766-
Cycle=242;Copy_count=0.135647533257;Length=26176;IsCyclicPath=True;CycleClass=Invalid;Segments=391+,393-
Cycle=243;Copy_count=0.133095680694;Length=22946;IsCyclicPath=True;CycleClass=Invalid;Segments=74-,75+
Cycle=244;Copy_count=0.132834535221;Length=5213;IsCyclicPath=True;CycleClass=Invalid;Segments=114-,112+
Cycle=245;Copy_count=0.131793914907;Length=74943;IsCyclicPath=True;CycleClass=Invalid;Segments=747-,750+
Cycle=246;Copy_count=0.131793914907;Length=69013;IsCyclicPath=True;CycleClass=Invalid;Segments=746-,749+
Cycle=247;Copy_count=0.130591020546;Length=33847;IsCyclicPath=True;CycleClass=Invalid;Segments=498+,500-,510+,513-
Cycle=248;Copy_count=0.129985065409;Length=31490;IsCyclicPath=True;CycleClass=Invalid;Segments=107-,104+
Cycle=249;Copy_count=0.129942093591;Length=42586;IsCyclicPath=True;CycleClass=Invalid;Segments=610-,613+
Cycle=250;Copy_count=0.129542396098;Length=110109;IsCyclicPath=True;CycleClass=Invalid;Segments=86+,93-
Cycle=251;Copy_count=0.128968241958;Length=5910;IsCyclicPath=False;CycleClass=Invalid;Segments=0+,890-,0+
Cycle=252;Copy_count=0.128949080972;Length=11517;IsCyclicPath=True;CycleClass=Invalid;Segments=546+,549-
Cycle=253;Copy_count=0.127253293024;Length=11114;IsCyclicPath=True;CycleClass=Invalid;Segments=263-,262-,261+
Cycle=254;Copy_count=0.12684119512;Length=57455;IsCyclicPath=True;CycleClass=Invalid;Segments=801+,803-
Cycle=255;Copy_count=0.12684119512;Length=65398;IsCyclicPath=True;CycleClass=Invalid;Segments=798+,799-
Cycle=256;Copy_count=0.126251882787;Length=21852;IsCyclicPath=True;CycleClass=Invalid;Segments=334-,331+
Cycle=257;Copy_count=0.123514857743;Length=5107;IsCyclicPath=True;CycleClass=Invalid;Segments=646-,645+
Cycle=258;Copy_count=0.123117700931;Length=3903;IsCyclicPath=True;CycleClass=Invalid;Segments=544-,547+
Cycle=259;Copy_count=0.122949954506;Length=406;IsCyclicPath=True;CycleClass=Invalid;Segments=728+,729-
Cycle=260;Copy_count=0.12187851038;Length=17015;IsCyclicPath=True;CycleClass=Invalid;Segments=203-,202+
Cycle=261;Copy_count=0.309038879357;Length=33964;IsCyclicPath=False;CycleClass=Invalid;Segments=0+,194+,195-,0+
Cycle=262;Copy_count=0.121335782767;Length=13741;IsCyclicPath=True;CycleClass=Invalid;Segments=790+,792-
Cycle=263;Copy_count=0.13892022019;Length=59008;IsCyclicPath=True;CycleClass=Invalid;Segments=783+,785-
Cycle=264;Copy_count=0.121194081003;Length=9225;IsCyclicPath=True;CycleClass=Invalid;Segments=567-,568+
Cycle=265;Copy_count=0.121167998418;Length=42549;IsCyclicPath=True;CycleClass=Invalid;Segments=50+,53-
Cycle=266;Copy_count=0.119335912992;Length=11275;IsCyclicPath=True;CycleClass=Invalid;Segments=69-,68+
Cycle=267;Copy_count=0.118831533746;Length=19122;IsCyclicPath=True;CycleClass=Invalid;Segments=866+,861-
Cycle=268;Copy_count=0.11827180196;Length=13714;IsCyclicPath=True;CycleClass=Invalid;Segments=354+,355-
Cycle=269;Copy_count=0.116263933508;Length=95061;IsCyclicPath=True;CycleClass=Invalid;Segments=901+,907-
Cycle=270;Copy_count=0.115994664428;Length=9346;IsCyclicPath=True;CycleClass=Invalid;Segments=38+,43-
Cycle=271;Copy_count=0.114752847295;Length=18080;IsCyclicPath=True;CycleClass=Invalid;Segments=752-,754+
Cycle=272;Copy_count=0.114540429356;Length=42632;IsCyclicPath=True;CycleClass=Invalid;Segments=387-,385+
Cycle=273;Copy_count=0.113997429251;Length=26976;IsCyclicPath=True;CycleClass=Invalid;Segments=294+,295-
Cycle=274;Copy_count=0.113724279658;Length=20300;IsCyclicPath=True;CycleClass=Invalid;Segments=643-,641+
Cycle=275;Copy_count=0.111972698813;Length=69783;IsCyclicPath=True;CycleClass=Invalid;Segments=558-,561+
Cycle=276;Copy_count=0.111598695989;Length=46664;IsCyclicPath=True;CycleClass=Invalid;Segments=802-,800+
Cycle=277;Copy_count=0.11122571378;Length=733;IsCyclicPath=True;CycleClass=Invalid;Segments=398+,399-
Cycle=278;Copy_count=0.11065304221;Length=20524;IsCyclicPath=True;CycleClass=Invalid;Segments=480+,481-
Cycle=279;Copy_count=0.108378649704;Length=45701;IsCyclicPath=True;CycleClass=Invalid;Segments=423-,427+
Cycle=280;Copy_count=0.105294623455;Length=5646;IsCyclicPath=True;CycleClass=Invalid;Segments=348+,349-
Cycle=281;Copy_count=0.104710235631;Length=2220;IsCyclicPath=True;CycleClass=Invalid;Segments=410+,411-
Cycle=282;Copy_count=0.103699901211;Length=8464;IsCyclicPath=True;CycleClass=Invalid;Segments=62+,63-
Cycle=283;Copy_count=0.103597251041;Length=79345;IsCyclicPath=True;CycleClass=Invalid;Segments=85+,92-
Cycle=284;Copy_count=0.103324129641;Length=72633;IsCyclicPath=True;CycleClass=Invalid;Segments=95-,97+
Cycle=285;Copy_count=0.102287938713;Length=10311;IsCyclicPath=True;CycleClass=Invalid;Segments=269-,268+
Cycle=286;Copy_count=0.101942769328;Length=77341;IsCyclicPath=True;CycleClass=Invalid;Segments=265+,266-,256-,255+
Cycle=287;Copy_count=0.101165866122;Length=26073;IsCyclicPath=True;CycleClass=Invalid;Segments=814-,815+
Cycle=288;Copy_count=0.100394764434;Length=8611;IsCyclicPath=True;CycleClass=Invalid;Segments=152-,154+
Cycle=289;Copy_count=0.0998552549384;Length=33073;IsCyclicPath=True;CycleClass=Invalid;Segments=106-,105+
Cycle=290;Copy_count=0.0997255169485;Length=19318;IsCyclicPath=True;CycleClass=Invalid;Segments=109-,108+
Cycle=291;Copy_count=0.0995297794221;Length=4614;IsCyclicPath=True;CycleClass=Invalid;Segments=624+,626-
Cycle=292;Copy_count=0.0991599579636;Length=8375;IsCyclicPath=True;CycleClass=Invalid;Segments=224-,225+
Cycle=293;Copy_count=0.0988478576043;Length=32495;IsCyclicPath=True;CycleClass=Invalid;Segments=862-,867+
Cycle=294;Copy_count=0.098752773562;Length=441;IsCyclicPath=True;CycleClass=Invalid;Segments=412-,413+
Cycle=295;Copy_count=0.0965752983247;Length=2883;IsCyclicPath=True;CycleClass=Invalid;Segments=679-,678+
Cycle=296;Copy_count=0.0959680860709;Length=21812;IsCyclicPath=True;CycleClass=Invalid;Segments=337-,340+
Cycle=297;Copy_count=0.0940321649193;Length=19841;IsCyclicPath=True;CycleClass=Invalid;Segments=915+,918-
Cycle=298;Copy_count=0.0935067344737;Length=29956;IsCyclicPath=True;CycleClass=Invalid;Segments=293+,297-
Cycle=299;Copy_count=0.0920956206186;Length=60729;IsCyclicPath=True;CycleClass=Invalid;Segments=235-,234+
Cycle=300;Copy_count=0.0918240082754;Length=10154;IsCyclicPath=True;CycleClass=Invalid;Segments=732+,734-
Cycle=301;Copy_count=0.091742075668;Length=16670;IsCyclicPath=True;CycleClass=Invalid;Segments=111-,110+
Cycle=302;Copy_count=0.0911655949282;Length=38429;IsCyclicPath=False;CycleClass=Invalid;Segments=0+,196+,211-,210+,196-,0+
Cycle=303;Copy_count=0.0898136887076;Length=6125;IsCyclicPath=True;CycleClass=Invalid;Segments=644+,647-
Cycle=304;Copy_count=0.0894707775076;Length=34341;IsCyclicPath=True;CycleClass=Invalid;Segments=173+,177-
Cycle=305;Copy_count=0.0887512101083;Length=8599;IsCyclicPath=True;CycleClass=Invalid;Segments=637-,636+
Cycle=306;Copy_count=0.0875762720347;Length=15340;IsCyclicPath=True;CycleClass=Invalid;Segments=76+,77-
Cycle=307;Copy_count=0.086509034513;Length=17066;IsCyclicPath=True;CycleClass=Invalid;Segments=377-,376+
Cycle=308;Copy_count=0.0860846703261;Length=31551;IsCyclicPath=True;CycleClass=Invalid;Segments=212+,213-
Cycle=309;Copy_count=0.0856296633604;Length=126316;IsCyclicPath=False;CycleClass=Invalid;Segments=0+,895+,906-,924-,0+
Cycle=310;Copy_count=0.0850749653894;Length=51057;IsCyclicPath=True;CycleClass=Invalid;Segments=794-,795+
Cycle=311;Copy_count=0.084971655977;Length=7298;IsCyclicPath=True;CycleClass=Invalid;Segments=371-,369+
Cycle=312;Copy_count=0.0835329004386;Length=4652;IsCyclicPath=True;CycleClass=Invalid;Segments=813-,812+
Cycle=313;Copy_count=0.0831054469008;Length=37916;IsCyclicPath=True;CycleClass=Invalid;Segments=911-,910+
Cycle=314;Copy_count=0.0826767897278;Length=28894;IsCyclicPath=True;CycleClass=Invalid;Segments=170+,176-
Cycle=315;Copy_count=0.0824741847934;Length=106416;IsCyclicPath=True;CycleClass=Invalid;Segments=454+,455-
Cycle=316;Copy_count=0.0824338484199;Length=15712;IsCyclicPath=True;CycleClass=Invalid;Segments=172-,167+,165-,163+
Cycle=317;Copy_count=0.082294149593;Length=90074;IsCyclicPath=True;CycleClass=Invalid;Segments=592-,594+
Cycle=318;Copy_count=0.0814708522025;Length=22102;IsCyclicPath=True;CycleClass=Invalid;Segments=875+,877-
Cycle=319;Copy_count=0.0812510084995;Length=3446;IsCyclicPath=True;CycleClass=Invalid;Segments=526+,525-,531+,532-
Cycle=320;Copy_count=0.081227600584;Length=6305;IsCyclicPath=True;CycleClass=Invalid;Segments=444+,445-
Cycle=321;Copy_count=0.0802861833977;Length=3930;IsCyclicPath=True;CycleClass=Invalid;Segments=951-,952+
Cycle=322;Copy_count=0.0801555115613;Length=90103;IsCyclicPath=False;CycleClass=Invalid;Segments=0+,32+,33-,0+
Cycle=323;Copy_count=0.078937963982;Length=3308;IsCyclicPath=True;CycleClass=Invalid;Segments=640+,642-
Cycle=324;Copy_count=0.0775303590747;Length=34053;IsCyclicPath=True;CycleClass=Invalid;Segments=753-,755+
Cycle=325;Copy_count=0.0774656537214;Length=42009;IsCyclicPath=False;CycleClass=Invalid;Segments=0+,22-,23+,0+
Cycle=326;Copy_count=0.0770666240643;Length=20649;IsCyclicPath=True;CycleClass=Invalid;Segments=724+,726-
Cycle=327;Copy_count=0.0764226182001;Length=46220;IsCyclicPath=True;CycleClass=Invalid;Segments=119-,118+
Cycle=328;Copy_count=0.0761267355023;Length=54703;IsCyclicPath=True;CycleClass=Invalid;Segments=668+,671-
Cycle=329;Copy_count=0.075699486918;Length=35686;IsCyclicPath=True;CycleClass=Invalid;Segments=775-,779+
Cycle=330;Copy_count=0.075134956513;Length=1031;IsCyclicPath=True;CycleClass=Invalid;Segments=600-,599+
Cycle=331;Copy_count=0.0749291275705;Length=42321;IsCyclicPath=True;CycleClass=Invalid;Segments=737-,740+
Cycle=332;Copy_count=0.0748379200011;Length=34475;IsCyclicPath=True;CycleClass=Invalid;Segments=321-,326+
Cycle=333;Copy_count=0.0745349914485;Length=106554;IsCyclicPath=True;CycleClass=Invalid;Segments=738-,741+
Cycle=334;Copy_count=0.0739568671984;Length=51737;IsCyclicPath=True;CycleClass=Invalid;Segments=863+,868-
Cycle=335;Copy_count=0.0738923762148;Length=4800;IsCyclicPath=True;CycleClass=Invalid;Segments=571-,578+
Cycle=336;Copy_count=0.0738806121748;Length=38931;IsCyclicPath=True;CycleClass=Invalid;Segments=306+,307-
Cycle=337;Copy_count=0.0735961746078;Length=81512;IsCyclicPath=True;CycleClass=Invalid;Segments=284+,286-
Cycle=338;Copy_count=0.0734647406099;Length=3901;IsCyclicPath=True;CycleClass=Invalid;Segments=375-,374+
Cycle=339;Copy_count=0.073456102105;Length=118505;IsCyclicPath=True;CycleClass=Invalid;Segments=587-,588+
Cycle=340;Copy_count=0.0733138823239;Length=16856;IsCyclicPath=True;CycleClass=Invalid;Segments=430+,431-
Cycle=341;Copy_count=0.0730938377095;Length=23041;IsCyclicPath=True;CycleClass=Invalid;Segments=858+,859-
Cycle=342;Copy_count=0.0719173415968;Length=42172;IsCyclicPath=True;CycleClass=Invalid;Segments=396-,397+
Cycle=343;Copy_count=0.0713331700324;Length=40339;IsCyclicPath=True;CycleClass=Invalid;Segments=545+,550-,554+,553-,550+,549-
Cycle=344;Copy_count=0.0712779446476;Length=61716;IsCyclicPath=True;CycleClass=Invalid;Segments=870+,871-
Cycle=345;Copy_count=0.0712307080383;Length=121558;IsCyclicPath=True;CycleClass=Invalid;Segments=733+,735-
Cycle=346;Copy_count=0.0697982999679;Length=147976;IsCyclicPath=True;CycleClass=Invalid;Segments=577+,584-
Cycle=347;Copy_count=0.0697570277884;Length=36120;IsCyclicPath=True;CycleClass=Invalid;Segments=736-,739+
Cycle=348;Copy_count=0.0697221964425;Length=29643;IsCyclicPath=True;CycleClass=Invalid;Segments=124-,126+
Cycle=349;Copy_count=0.069664024063;Length=7610;IsCyclicPath=True;CycleClass=Invalid;Segments=66+,67-
Cycle=350;Copy_count=0.0690780211977;Length=38206;IsCyclicPath=True;CycleClass=Invalid;Segments=236+,239-
Cycle=351;Copy_count=0.0680604419328;Length=3156;IsCyclicPath=True;CycleClass=Invalid;Segments=878-,880+
Cycle=352;Copy_count=0.0678560996658;Length=56518;IsCyclicPath=True;CycleClass=Invalid;Segments=685+,690-
Cycle=353;Copy_count=0.0665114249544;Length=17293;IsCyclicPath=True;CycleClass=Invalid;Segments=768+,770-
Cycle=354;Copy_count=0.0661327415687;Length=4541;IsCyclicPath=True;CycleClass=Invalid;Segments=49+,52-
Cycle=355;Copy_count=0.0656411959128;Length=6740;IsCyclicPath=True;CycleClass=Invalid;Segments=821+,820-,818+,819-
Cycle=356;Copy_count=0.0655212393039;Length=26253;IsCyclicPath=True;CycleClass=Invalid;Segments=219-,221+
Cycle=357;Copy_count=0.065245882349;Length=1081;IsCyclicPath=True;CycleClass=Invalid;Segments=137-,138+
Cycle=358;Copy_count=0.0652376141121;Length=56518;IsCyclicPath=True;CycleClass=Invalid;Segments=684+,691-
Cycle=359;Copy_count=0.0649654691389;Length=31622;IsCyclicPath=True;CycleClass=Invalid;Segments=198-,199+
Cycle=360;Copy_count=0.0648637312791;Length=4942;IsCyclicPath=True;CycleClass=Invalid;Segments=302+,303-
Cycle=361;Copy_count=0.064719193877;Length=27159;IsCyclicPath=True;CycleClass=Invalid;Segments=82-,89+
Cycle=362;Copy_count=0.0645486516214;Length=2217;IsCyclicPath=False;CycleClass=Invalid;Segments=0+,888+,889-,0+
Cycle=363;Copy_count=0.0642121209493;Length=3024;IsCyclicPath=True;CycleClass=Invalid;Segments=436-,434+
Cycle=364;Copy_count=0.0638003760835;Length=78466;IsCyclicPath=True;CycleClass=Invalid;Segments=428-,424+
Cycle=365;Copy_count=0.0629569731102;Length=55414;IsCyclicPath=True;CycleClass=Invalid;Segments=551+,555-
Cycle=366;Copy_count=0.0627197506324;Length=53408;IsCyclicPath=True;CycleClass=Invalid;Segments=84+,91-
Cycle=367;Copy_count=0.0626010894988;Length=771;IsCyclicPath=False;CycleClass=Invalid;Segments=0+,921-,0+
Cycle=368;Copy_count=0.0624544226897;Length=20901;IsCyclicPath=True;CycleClass=Invalid;Segments=937+,936-,686-,681+
Cycle=369;Copy_count=0.0622805335052;Length=4972;IsCyclicPath=True;CycleClass=Invalid;Segments=78+,79-
Cycle=370;Copy_count=0.0618443092045;Length=15482;IsCyclicPath=True;CycleClass=Invalid;Segments=330+,333-
Cycle=371;Copy_count=0.061405382389;Length=21431;IsCyclicPath=True;CycleClass=Invalid;Segments=130-,132+
Cycle=372;Copy_count=0.0609670885624;Length=32682;IsCyclicPath=True;CycleClass=Invalid;Segments=912+,913-
Cycle=373;Copy_count=0.0608361276921;Length=69196;IsCyclicPath=True;CycleClass=Invalid;Segments=416-,420+
Cycle=374;Copy_count=0.0606646659887;Length=31002;IsCyclicPath=True;CycleClass=Invalid;Segments=83-,90+
Cycle=375;Copy_count=0.0606062478114;Length=40419;IsCyclicPath=True;CycleClass=Invalid;Segments=573+,580-
Cycle=376;Copy_count=0.0601802854865;Length=6493;IsCyclicPath=True;CycleClass=Invalid;Segments=759+,760-
Cycle=377;Copy_count=0.0665545896241;Length=111908;IsCyclicPath=True;CycleClass=Invalid;Segments=743+,745-
Cycle=378;Copy_count=0.0606356277379;Length=113044;IsCyclicPath=True;CycleClass=Invalid;Segments=748-,751+
Cycle=379;Copy_count=0.0593234783983;Length=59840;IsCyclicPath=True;CycleClass=Invalid;Segments=56+,57-
Cycle=380;Copy_count=0.0581492798013;Length=17777;IsCyclicPath=True;CycleClass=Invalid;Segments=711-,710+
Cycle=381;Copy_count=0.0580009422662;Length=16097;IsCyclicPath=True;CycleClass=Invalid;Segments=621+,622-
Cycle=382;Copy_count=0.0577789174603;Length=54130;IsCyclicPath=True;CycleClass=Invalid;Segments=557+,560-
Cycle=383;Copy_count=0.0576475021526;Length=5004;IsCyclicPath=False;CycleClass=Invalid;Segments=0+,944+,945-,0+
Cycle=384;Copy_count=0.0568975494424;Length=35701;IsCyclicPath=True;CycleClass=Invalid;Segments=666+,667-
Cycle=385;Copy_count=0.13549853823;Length=82154;IsCyclicPath=True;CycleClass=Invalid;Segments=661+,663-
Cycle=386;Copy_count=0.0565411167168;Length=19156;IsCyclicPath=True;CycleClass=Invalid;Segments=39-,45+
Cycle=387;Copy_count=0.0564301871682;Length=71090;IsCyclicPath=True;CycleClass=Invalid;Segments=467+,472-
Cycle=388;Copy_count=0.0564301871682;Length=92002;IsCyclicPath=True;CycleClass=Invalid;Segments=469+,475-
Cycle=389;Copy_count=0.0564301871682;Length=100168;IsCyclicPath=True;CycleClass=Invalid;Segments=463-,462+,464-,475+,489-,487+,475-,464+
Cycle=390;Copy_count=0.0564301871682;Length=79342;IsCyclicPath=True;CycleClass=Invalid;Segments=468+,474-
Cycle=391;Copy_count=0.0564301871682;Length=61409;IsCyclicPath=True;CycleClass=Invalid;Segments=478-,476+
Cycle=392;Copy_count=0.0553936297636;Length=146117;IsCyclicPath=True;CycleClass=Invalid;Segments=576+,583-
Cycle=393;Copy_count=0.0548120913255;Length=93972;IsCyclicPath=True;CycleClass=Invalid;Segments=425-,429+
Cycle=394;Copy_count=0.0535129329161;Length=22282;IsCyclicPath=True;CycleClass=Invalid;Segments=501-,508+
Cycle=395;Copy_count=0.0534990861308;Length=218117;IsCyclicPath=True;CycleClass=Invalid;Segments=457+,464-,474+,473-,464+,460-
Cycle=396;Copy_count=0.0529555755004;Length=27881;IsCyclicPath=True;CycleClass=Invalid;Segments=125+,129-
Cycle=397;Copy_count=0.0524140609953;Length=16522;IsCyclicPath=True;CycleClass=Invalid;Segments=187-,186+
Cycle=398;Copy_count=0.0521031805942;Length=49126;IsCyclicPath=True;CycleClass=Invalid;Segments=827-,831+
Cycle=399;Copy_count=0.0520632526559;Length=27530;IsCyclicPath=True;CycleClass=Invalid;Segments=502+,511-
Cycle=400;Copy_count=0.0518403217367;Length=19332;IsCyclicPath=True;CycleClass=Invalid;Segments=131-,133+
Cycle=401;Copy_count=0.0518260092543;Length=143551;IsCyclicPath=True;CycleClass=Invalid;Segments=575-,582+
Cycle=402;Copy_count=0.0515111577587;Length=15659;IsCyclicPath=True;CycleClass=Invalid;Segments=680-,687+
Cycle=403;Copy_count=0.050928956485;Length=18879;IsCyclicPath=True;CycleClass=Invalid;Segments=184-,185+
Cycle=404;Copy_count=0.0507697696218;Length=49536;IsCyclicPath=True;CycleClass=Invalid;Segments=538-,537+
Cycle=405;Copy_count=0.0505796982129;Length=24514;IsCyclicPath=True;CycleClass=Invalid;Segments=704+,705-
Cycle=406;Copy_count=0.0502335690538;Length=21712;IsCyclicPath=True;CycleClass=Invalid;Segments=21+,24-
Cycle=407;Copy_count=0.0497096365713;Length=10448;IsCyclicPath=True;CycleClass=Invalid;Segments=290-,291+
Cycle=408;Copy_count=0.0495498830394;Length=12024;IsCyclicPath=True;CycleClass=Invalid;Segments=847-,846+
Cycle=409;Copy_count=0.0490110672714;Length=3691;IsCyclicPath=True;CycleClass=Invalid;Segments=230+,232-
Cycle=410;Copy_count=0.0487765997811;Length=81644;IsCyclicPath=True;CycleClass=Invalid;Segments=536-,534+
Cycle=411;Copy_count=0.0474510246004;Length=39487;IsCyclicPath=True;CycleClass=Invalid;Segments=344+,345-
Cycle=412;Copy_count=0.228900593196;Length=55075;IsCyclicPath=True;CycleClass=Invalid;Segments=341-,338+
Cycle=413;Copy_count=0.0451878698709;Length=4760;IsCyclicPath=False;CycleClass=Invalid;Segments=0+,930+,929-,0+
Cycle=414;Copy_count=0.0449920394815;Length=4634;IsCyclicPath=True;CycleClass=Invalid;Segments=496-,494+
Cycle=415;Copy_count=0.0445821811414;Length=72762;IsCyclicPath=True;CycleClass=Invalid;Segments=574+,581-
Cycle=416;Copy_count=0.0438906855288;Length=22607;IsCyclicPath=True;CycleClass=Invalid;Segments=503+,500-,509+,514-
Cycle=417;Copy_count=0.0432637736845;Length=51869;IsCyclicPath=True;CycleClass=Invalid;Segments=240+,241-
Cycle=418;Copy_count=0.0421764076047;Length=10946;IsCyclicPath=True;CycleClass=Invalid;Segments=320+,325-
Cycle=419;Copy_count=0.0421014564504;Length=24522;IsCyclicPath=False;CycleClass=Invalid;Segments=0+,938+,936-,686-,681+,936+,938-,0+
Cycle=420;Copy_count=0.0420650952893;Length=72468;IsCyclicPath=True;CycleClass=Invalid;Segments=664-,665+
Cycle=421;Copy_count=0.0418371318934;Length=6968;IsCyclicPath=True;CycleClass=Invalid;Segments=816-,817+
Cycle=422;Copy_count=0.0405173384583;Length=69696;IsCyclicPath=True;CycleClass=Invalid;Segments=383-,380+
Cycle=423;Copy_count=0.0402862674059;Length=44663;IsCyclicPath=False;CycleClass=Invalid;Segments=0+,893+,894-,0+
Cycle=424;Copy_count=0.0402079716569;Length=42938;IsCyclicPath=True;CycleClass=Invalid;Segments=134+,139-
Cycle=425;Copy_count=0.0392954547504;Length=1430;IsCyclicPath=True;CycleClass=Invalid;Segments=17+,19-
Cycle=426;Copy_count=0.0388178813697;Length=24841;IsCyclicPath=True;CycleClass=Invalid;Segments=41+,46-
Cycle=427;Copy_count=0.0386329236607;Length=8864;IsCyclicPath=True;CycleClass=Invalid;Segments=81+,88-
Cycle=428;Copy_count=0.0378549777936;Length=21805;IsCyclicPath=True;CycleClass=Invalid;Segments=619+,620-
Cycle=429;Copy_count=0.123235227241;Length=49356;IsCyclicPath=True;CycleClass=Invalid;Segments=615-,616+
Cycle=430;Copy_count=0.0820291953174;Length=53125;IsCyclicPath=True;CycleClass=Invalid;Segments=614-,611+
Cycle=431;Copy_count=0.0777891590135;Length=79788;IsCyclicPath=True;CycleClass=Invalid;Segments=607+,627-,632+,631-,627+,608-
Cycle=432;Copy_count=0.0728761110842;Length=90123;IsCyclicPath=True;CycleClass=Invalid;Segments=603+,627-,632+,631-,627+,606-
Cycle=433;Copy_count=0.0521312369408;Length=204644;IsCyclicPath=True;CycleClass=Invalid;Segments=585+,627-,630+,629-,627+,586-
Cycle=434;Copy_count=0.0369140744709;Length=3828;IsCyclicPath=True;CycleClass=Invalid;Segments=914+,916-
Cycle=435;Copy_count=0.0366826262135;Length=13812;IsCyclicPath=True;CycleClass=Invalid;Segments=840-,841+
Cycle=436;Copy_count=0.111510532071;Length=104394;IsCyclicPath=True;CycleClass=Invalid;Segments=832-,828+
Cycle=437;Copy_count=0.0364547614486;Length=78117;IsCyclicPath=True;CycleClass=Invalid;Segments=417+,421-
Cycle=438;Copy_count=0.0363161407651;Length=4295;IsCyclicPath=True;CycleClass=Invalid;Segments=80+,87-
Cycle=439;Copy_count=0.0361502691214;Length=25258;IsCyclicPath=True;CycleClass=Invalid;Segments=211-,210+,201-,200+
Cycle=440;Copy_count=0.0360742565871;Length=42310;IsCyclicPath=True;CycleClass=Invalid;Segments=343-,342+
Cycle=441;Copy_count=0.187754031692;Length=91236;IsCyclicPath=True;CycleClass=Invalid;Segments=335-,332+
Cycle=442;Copy_count=0.0644078684728;Length=98942;IsCyclicPath=True;CycleClass=Invalid;Segments=324+,329-
Cycle=443;Copy_count=0.0465506635913;Length=81533;IsCyclicPath=True;CycleClass=Invalid;Segments=322+,327-
Cycle=444;Copy_count=0.0356365145119;Length=42392;IsCyclicPath=True;CycleClass=Invalid;Segments=102+,103-
Cycle=445;Copy_count=0.0355606747799;Length=103703;IsCyclicPath=True;CycleClass=Invalid;Segments=905-,903+
Cycle=446;Copy_count=0.0349587311055;Length=85489;IsCyclicPath=True;CycleClass=Invalid;Segments=781-,777+
Cycle=447;Copy_count=0.0343107505584;Length=6232;IsCyclicPath=False;CycleClass=Invalid;Segments=0+,943+,947-,0+
Cycle=448;Copy_count=0.0341058503734;Length=12822;IsCyclicPath=False;CycleClass=Invalid;Segments=0+,946+,948-,0+
Cycle=449;Copy_count=0.0335940582486;Length=173238;IsCyclicPath=False;CycleClass=Invalid;Segments=0+,1+,2-,0+
Cycle=450;Copy_count=0.0334710526312;Length=54287;IsCyclicPath=True;CycleClass=Invalid;Segments=703-,699+
Cycle=451;Copy_count=0.0678560996658;Length=77444;IsCyclicPath=True;CycleClass=Invalid;Segments=694-,692+
Cycle=452;Copy_count=0.0334099670023;Length=23824;IsCyclicPath=True;CycleClass=Invalid;Segments=368+,370-
Cycle=453;Copy_count=0.0332626051459;Length=65138;IsCyclicPath=True;CycleClass=Invalid;Segments=908-,909+
Cycle=454;Copy_count=0.032477766011;Length=24411;IsCyclicPath=True;CycleClass=Invalid;Segments=258-,257+
Cycle=455;Copy_count=0.103434342651;Length=106406;IsCyclicPath=True;CycleClass=Invalid;Segments=251+,267-,253-
Cycle=456;Copy_count=0.0472328777488;Length=60553;IsCyclicPath=True;CycleClass=Invalid;Segments=245+,248-
Cycle=457;Copy_count=0.0472328777488;Length=94027;IsCyclicPath=True;CycleClass=Invalid;Segments=263-,249-,246+,264+
Cycle=458;Copy_count=0.0472328777488;Length=96523;IsCyclicPath=True;CycleClass=Invalid;Segments=250+,265+,266-,253-
Cycle=459;Copy_count=0.0323315852488;Length=13326;IsCyclicPath=True;CycleClass=Invalid;Segments=153-,155+
Cycle=460;Copy_count=0.0319428391691;Length=26340;IsCyclicPath=True;CycleClass=Invalid;Segments=135-,136+
Cycle=461;Copy_count=0.0307918162811;Length=8197;IsCyclicPath=True;CycleClass=Invalid;Segments=523-,524+
Cycle=462;Copy_count=0.0298343632444;Length=55744;IsCyclicPath=True;CycleClass=Invalid;Segments=864-,869+
Cycle=463;Copy_count=0.0296646876735;Length=96337;IsCyclicPath=True;CycleClass=Invalid;Segments=323+,328-
Cycle=464;Copy_count=0.02949731911;Length=13614;IsCyclicPath=True;CycleClass=Invalid;Segments=274+,276-
Cycle=465;Copy_count=0.0282440770316;Length=27042;IsCyclicPath=True;CycleClass=Invalid;Segments=127-,128+
Cycle=466;Copy_count=0.0280402244436;Length=17426;IsCyclicPath=True;CycleClass=Invalid;Segments=519+,520-
Cycle=467;Copy_count=0.0271641247438;Length=42692;IsCyclicPath=True;CycleClass=Invalid;Segments=359+,364-
Cycle=468;Copy_count=0.0271641247438;Length=47385;IsCyclicPath=True;CycleClass=Invalid;Segments=360+,365-
Cycle=469;Copy_count=0.0271641247438;Length=80050;IsCyclicPath=True;CycleClass=Invalid;Segments=362+,366-
Cycle=470;Copy_count=0.0271641247438;Length=81616;IsCyclicPath=True;CycleClass=Invalid;Segments=361+,367-
